[0.00055277] 0.0
[1.2516362e-25] 0.0
[6.241311e-11] 0.0
[1.9179299e-20] 0.0
[6.416461e-05] 0.0
[9.269758e-22] 0.0
[3.4610447e-13] 0.0
[4.912186e-18] 0.0
[4.626866e-22] 0.0
[3.5419282e-07] 1.0
[0.6322456] 0.0
[3.847671e-10] 0.0
[4.8991744e-09] 0.0
[2.8165962e-07] 0.0
[6.655268e-15] 0.0
[7.844634e-15] 0.0
[9.087196e-05] 0.0
[7.3439116e-19] 0.0
[1.3793313e-21] 0.0
[0.97080505] 0.0
[9.453288e-19] 0.0
[1.0802128e-26] 0.0
[4.690713e-17] 0.0
[1.8020202e-09] 0.0
[0.9998522] 1.0
[1.5118115e-05] 0.0
[1.7920775e-05] 0.0
[1.3791131e-17] 0.0
[5.775896e-21] 0.0
[7.917539e-15] 0.0
[3.403819e-10] 0.0
[3.2286275e-17] 1.0
[4.5558252e-08] 0.0
[6.668302e-23] 0.0
[0.9918658] 0.0
[0.01018018] 0.0
[1.6046488e-10] 0.0
[0.97441983] 0.0
[1.3315754e-07] 0.0
[6.0658686e-14] 0.0
[1.2916798e-22] 0.0
[2.2997542e-06] 0.0
[1.4280211e-21] 0.0
[0.] 0.0
[0.00053182] 0.0
[0.00068499] 0.0
[1.9807669e-13] 0.0
[3.5856957e-08] 0.0
[2.5107094e-10] 0.0
[5.0546657e-15] 0.0
[4.2861683e-33] 0.0
[3.28859e-10] 0.0
[1.499893e-11] 0.0
[6.087762e-18] 0.0
[1.6854352e-05] 0.0
[0.00014037] 0.0
[7.800259e-12] 0.0
[0.00577481] 1.0
[2.7977738e-11] 0.0
[7.697152e-10] 0.0
[4.7764328e-15] 0.0
[2.7077911e-20] 1.0
[2.5895356e-12] 0.0
[0.5191929] 0.0
[0.00897443] 0.0
[0.00172559] 0.0
[6.134568e-12] 0.0
[1.6239e-34] 0.0
[1.2942178e-10] 0.0
[2.1040336e-34] 0.0
[1.7646393e-17] 0.0
[1.0632006e-10] 0.0
[8.254663e-16] 0.0
[7.882668e-12] 0.0
[0.00016249] 0.0
[0.13685274] 0.0
[6.168155e-17] 0.0
[3.1460338e-12] 0.0
[0.23245141] 0.0
[9.752553e-18] 0.0
[2.5151488e-09] 0.0
[0.00113932] 0.0
[0.3144828] 0.0
[4.7030807e-30] 0.0
[7.0458027e-06] 0.0
[1.492059e-13] 0.0
[5.2332334e-15] 0.0
[5.174819e-19] 0.0
[5.805075e-21] 0.0
[7.589174e-21] 0.0
[1.0491771e-07] 0.0
[1.6290721e-22] 0.0
[2.9421547e-14] 0.0
[6.182269e-12] 0.0
[4.2305422e-07] 0.0
[3.6380363e-09] 0.0
[6.058459e-17] 0.0
[6.673476e-21] 0.0
[1.9891557e-29] 0.0
[4.4946916e-19] 0.0
[1.0475117e-22] 0.0
[0.05839298] 0.0
[5.322035e-23] 1.0
[1.504459e-20] 0.0
[7.5180606e-06] 0.0
[8.799791e-06] 0.0
[2.2777243e-16] 0.0
[1.275559e-13] 0.0
[0.06535065] 0.0
[1.902754e-05] 0.0
[5.6628606e-29] 0.0
[6.962277e-06] 0.0
[4.585993e-22] 0.0
[1.830694e-21] 0.0
[1.3972009e-26] 0.0
[1.7165728e-21] 0.0
[4.9660584e-12] 0.0
[1.3120492e-17] 0.0
[4.7681314e-15] 0.0
[0.00214389] 0.0
[4.1600697e-06] 0.0
[2.1864929e-23] 0.0
[1.4539382e-10] 0.0
[0.04751079] 0.0
[0.17602938] 0.0
[8.000037e-35] 0.0
[0.00018233] 0.0
[4.6149207e-08] 0.0
[1.7296974e-12] 0.0
[2.0733305e-23] 0.0
[0.00026483] 0.0
[9.598815e-28] 0.0
[4.416012e-15] 1.0
[2.1873497e-10] 0.0
[9.021515e-14] 0.0
[5.1261004e-09] 0.0
[5.7047314e-13] 0.0
[8.6354504e-08] 0.0
[7.455872e-24] 0.0
[1.1860122e-16] 0.0
[2.6768475e-12] 1.0
[1.0032039e-07] 0.0
[2.3705206e-15] 0.0
[3.4360467e-30] 0.0
[1.1881901e-24] 0.0
[5.6990457e-16] 0.0
[1.3460989e-15] 0.0
[9.403741e-12] 0.0
[1.0757481e-05] 0.0
[4.9143674e-15] 0.0
[1.7179206e-08] 0.0
[0.00038122] 0.0
[4.920158e-07] 0.0
[6.25837e-06] 0.0
[1.1440705e-25] 0.0
[1.6389221e-09] 0.0
[1.1346142e-31] 0.0
[2.635157e-11] 0.0
[1.1562905e-24] 0.0
[5.914964e-29] 0.0
[5.538039e-13] 1.0
[0.07771569] 0.0
[1.0444884e-27] 0.0
[3.421204e-10] 0.0
[1.7652614e-14] 0.0
[1.3499506e-11] 0.0
[1.5634356e-12] 0.0
[1.9381376e-12] 0.0
[4.8134206e-07] 0.0
[0.42493114] 0.0
[1.0222906e-05] 0.0
[5.5370953e-18] 0.0
[1.2686655e-05] 0.0
[4.4052684e-34] 0.0
[2.1558442e-06] 0.0
[5.464522e-11] 0.0
[0.06166115] 0.0
[0.00702602] 0.0
[5.373599e-18] 0.0
[3.8732822e-13] 0.0
[4.0303462e-11] 0.0
[1.1851773e-28] 0.0
[2.4499528e-22] 0.0
[2.981292e-05] 0.0
[2.037453e-30] 0.0
[9.9185596e-21] 0.0
[0.00074488] 0.0
[2.8243904e-10] 0.0
[9.316223e-09] 0.0
[9.589284e-16] 0.0
[1.2730011e-18] 1.0
[1.6167141e-05] 0.0
[6.49393e-13] 0.0
[6.8243547e-15] 0.0
[1.8867194e-27] 0.0
[0.00010657] 0.0
[2.555174e-18] 0.0
[1.9419312e-07] 0.0
[0.5349043] 0.0
[1.7745076e-18] 0.0
[9.418955e-10] 0.0
[1.1070469e-15] 0.0
[7.6437736e-08] 0.0
[3.0961293e-13] 0.0
[4.137438e-18] 0.0
[5.767852e-31] 0.0
[6.515047e-16] 0.0
[1.3371719e-17] 0.0
[0.20953667] 0.0
[0.00033689] 0.0
[1.4690714e-18] 0.0
[5.0612285e-14] 0.0
[1.0357015e-17] 0.0
[1.2570705e-06] 0.0
[3.7265613e-06] 0.0
[2.169307e-20] 0.0
[4.6502014e-16] 0.0
[1.1590459e-32] 0.0
[2.389448e-13] 0.0
[3.849991e-10] 0.0
[0.02496747] 0.0
[0.82894063] 0.0
[9.789061e-07] 0.0
[1.0653904e-11] 1.0
[4.4958529e-10] 0.0
[2.6199914e-06] 0.0
[1.7214701e-07] 0.0
[5.561133e-10] 0.0
[4.2391135e-09] 0.0
[3.376098e-30] 0.0
[2.0134693e-12] 0.0
[0.00014239] 0.0
[9.130779e-22] 0.0
[4.1150855e-26] 0.0
[1.1972723e-23] 0.0
[1.5247392e-19] 0.0
[1.4042611e-16] 0.0
[1.2310825e-14] 0.0
[4.4017903e-27] 0.0
[8.3719355e-16] 0.0
[3.7703154e-10] 0.0
[0.16474359] 0.0
[6.230482e-09] 0.0
[2.793293e-16] 0.0
[2.3218636e-28] 0.0
[1.931431e-21] 0.0
[3.0122873e-14] 0.0
[6.767526e-12] 0.0
[7.565529e-10] 0.0
[4.5335744e-07] 0.0
[2.006381e-08] 1.0
[6.5014083e-06] 0.0
[3.5651965e-07] 0.0
[2.708143e-27] 0.0
[4.488721e-15] 0.0
[8.654954e-20] 0.0
[2.4959948e-24] 0.0
[8.8570176e-14] 0.0
[9.850033e-24] 0.0
[1.0808116e-24] 0.0
[7.307386e-12] 0.0
[2.5128005e-08] 0.0
[3.1460887e-23] 0.0
[6.5626002e-09] 0.0
[5.095136e-19] 0.0
[9.803439e-24] 0.0
[1.4352296e-14] 0.0
[3.717249e-16] 0.0
[1.1536394e-07] 0.0
[5.930956e-12] 0.0
[9.6179016e-15] 0.0
[1.2638433e-23] 0.0
[8.913502e-06] 0.0
[0.0016068] 0.0
[1.1598496e-08] 0.0
[9.150632e-12] 0.0
[2.848134e-10] 0.0
[9.29347e-06] 0.0
[0.99984694] 0.0
[2.125878e-11] 0.0
[8.785085e-08] 0.0
[1.069428e-14] 0.0
[0.1787999] 1.0
[6.7102446e-18] 0.0
[1.3599976e-24] 0.0
[4.3974447e-07] 0.0
[9.259009e-08] 0.0
[9.634612e-22] 0.0
[0.50025386] 0.0
[6.2965464e-09] 0.0
[2.0932068e-22] 0.0
[3.0673996e-06] 0.0
[1.8297537e-11] 0.0
[0.94857484] 0.0
[1.1687364e-20] 0.0
[4.8471715e-16] 0.0
[2.0793217e-20] 0.0
[2.842742e-23] 0.0
[0.71725875] 0.0
[9.880538e-27] 0.0
[2.1653109e-07] 0.0
[0.00065949] 0.0
[5.3299295e-26] 0.0
[5.458363e-12] 0.0
[3.2859708e-09] 0.0
[1.2164899e-28] 0.0
[8.663749e-18] 0.0
[9.467883e-31] 0.0
[1.8916658e-32] 0.0
[3.6227768e-19] 0.0
[1.7141543e-18] 0.0
[0.02350692] 0.0
[2.9549635e-06] 0.0
[4.3198293e-13] 0.0
[3.925472e-08] 0.0
[1.7735034e-06] 0.0
[9.794615e-13] 0.0
[3.572616e-34] 0.0
[9.926555e-19] 0.0
[0.9999813] 0.0
[8.321872e-18] 0.0
[7.6191496e-33] 0.0
[0.21510522] 1.0
[1.4362998e-11] 0.0
[1.3012526e-10] 0.0
[1.09171925e-14] 0.0
[7.178447e-18] 0.0
[3.2434986e-12] 0.0
[1.8859454e-09] 1.0
[5.376945e-13] 0.0
[4.4681553e-36] 0.0
[2.417387e-14] 0.0
[0.] 0.0
[6.5990335e-18] 0.0
[3.2086247e-18] 0.0
[0.00104699] 0.0
[0.00028071] 0.0
[7.013018e-17] 0.0
[2.4090925e-14] 0.0
[4.5354858e-07] 0.0
[9.816132e-11] 0.0
[2.895309e-14] 0.0
[1.2135357e-06] 0.0
[4.7068397e-07] 0.0
[8.09925e-05] 0.0
[2.0012762e-05] 0.0
[3.7034326e-10] 0.0
[1.8414363e-23] 0.0
[1.707389e-23] 0.0
[7.323895e-15] 0.0
[2.4813051e-08] 0.0
[2.8842006e-08] 0.0
[1.4291246e-10] 1.0
[4.3136325e-07] 0.0
[1.5737303e-16] 0.0
[1.9630068e-21] 0.0
[3.3812085e-26] 0.0
[2.0244295e-15] 0.0
[2.7341203e-15] 0.0
[5.4305876e-22] 0.0
[0.00303926] 0.0
[2.1464965e-09] 0.0
[8.59104e-09] 0.0
[9.0035055e-20] 0.0
[6.1618772e-09] 0.0
[2.280384e-24] 0.0
[1.6735618e-14] 1.0
[2.7307346e-21] 0.0
[3.3586633e-07] 0.0
[1.1882992e-16] 0.0
[9.040701e-06] 1.0
[1.745964e-10] 0.0
[1.0463103e-13] 0.0
[0.99638176] 0.0
[0.00199337] 0.0
[7.836688e-20] 0.0
[9.467418e-15] 0.0
[2.2132742e-20] 0.0
[0.24004515] 0.0
[2.33313e-36] 0.0
[5.8317457e-24] 0.0
[9.0071534e-11] 0.0
[2.2248486e-14] 0.0
[0.9999634] 0.0
[1.6779597e-14] 0.0
[1.7297295e-17] 0.0
[8.713676e-08] 0.0
[2.7192464e-15] 0.0
[0.22230722] 0.0
[2.814949e-27] 1.0
[1.0147219e-14] 0.0
[0.24073839] 0.0
[1.8728247e-10] 0.0
[4.4309485e-29] 0.0
[0.] 0.0
[8.600273e-16] 0.0
[0.9994355] 0.0
[6.143748e-07] 0.0
[1.2548776e-10] 0.0
[0.00066307] 0.0
[6.4686613e-13] 0.0
[5.728537e-07] 0.0
[2.9192977e-14] 0.0
[3.46125e-06] 1.0
[1.1324498e-20] 0.0
[6.7320417e-13] 0.0
[3.7985107e-13] 0.0
[0.5848352] 0.0
[1.02021765e-22] 0.0
[2.0249618e-12] 0.0
[1.711777e-09] 0.0
[1.0231911e-15] 0.0
[0.9198714] 0.0
[1.4018574e-17] 0.0
[0.12664112] 0.0
[2.6264006e-15] 0.0
[1.9721806e-08] 0.0
[9.116299e-15] 0.0
[1.5426318e-07] 0.0
[3.9516716e-21] 0.0
[6.639208e-05] 0.0
[9.4432203e-29] 0.0
[5.886383e-27] 0.0
[1.2753465e-14] 0.0
[1.5189501e-07] 0.0
[3.0329723e-22] 0.0
[3.213204e-19] 0.0
[0.00135372] 0.0
[0.00901011] 1.0
[1.645732e-07] 0.0
[1.2053777e-10] 0.0
[4.351342e-14] 0.0
[6.5265734e-21] 0.0
[2.368264e-06] 0.0
[3.1579432e-16] 0.0
[3.451307e-10] 0.0
[6.0903287e-05] 0.0
[2.3343166e-07] 0.0
[1.6216125e-08] 0.0
[1.4162106e-14] 0.0
[5.0366173e-09] 0.0
[1.7719532e-30] 0.0
[1.927017e-19] 0.0
[2.0683574e-12] 0.0
[3.4586975e-12] 0.0
[1.1898411e-24] 0.0
[1.2290756e-08] 0.0
[1.8643156e-08] 0.0
[8.624956e-29] 0.0
[2.6010457e-06] 1.0
[0.9394219] 0.0
[0.9998722] 1.0
[2.1321636e-15] 0.0
[1.0585825e-22] 0.0
[8.8757075e-17] 0.0
[0.] 0.0
[1.3538235e-15] 0.0
[1.3174721e-15] 1.0
[8.820184e-25] 0.0
[0.00010926] 1.0
[0.00455752] 0.0
[0.00614717] 1.0
[1.9744523e-21] 0.0
[0.630535] 1.0
[4.7751768e-37] 0.0
[5.0588245e-05] 0.0
[2.7536228e-07] 0.0
[5.4747207e-16] 0.0
[1.8550083e-23] 0.0
[1.791391e-15] 0.0
[0.00021867] 0.0
[3.2545567e-14] 0.0
[8.600278e-15] 0.0
[0.01015397] 0.0
[3.0880348e-26] 0.0
[0.00016377] 0.0
[2.2695155e-12] 0.0
[1.410437e-21] 0.0
[2.2378143e-12] 0.0
[1.7536667e-18] 0.0
[4.8207136e-22] 0.0
[6.20123e-25] 0.0
[6.9202385e-26] 0.0
[0.00056449] 0.0
[4.9985474e-20] 0.0
[7.595262e-12] 0.0
[1.9519312e-06] 0.0
[2.1060675e-17] 0.0
[4.8933563e-24] 0.0
[1.1207176e-20] 0.0
[0.01257448] 0.0
[6.0624093e-06] 0.0
[3.112313e-12] 0.0
[5.969801e-13] 0.0
[4.89392e-15] 0.0
[2.5887492e-24] 0.0
[1.3924504e-17] 0.0
[0.38963053] 0.0
[0.00525544] 0.0
[1.6753492e-15] 0.0
[1.1023664e-20] 0.0
[6.9149146e-13] 0.0
[1.6804858e-19] 0.0
[8.0464883e-22] 0.0
[4.152136e-21] 0.0
[1.6037187e-21] 0.0
[0.00028364] 0.0
[0.9913065] 0.0
[7.9642005e-12] 0.0
[1.416088e-27] 0.0
[5.697073e-14] 1.0
[4.3196514e-19] 0.0
[1.1816094e-12] 0.0
[1.00295796e-13] 0.0
[0.00131533] 0.0
[5.301415e-09] 0.0
[2.081055e-09] 0.0
[6.8080584e-28] 0.0
[0.00160555] 0.0
[6.141937e-06] 0.0
[6.812557e-07] 0.0
[1.1860432e-05] 0.0
[8.329604e-06] 0.0
[1.5648195e-35] 0.0
[5.3662825e-12] 0.0
[1.2667869e-09] 0.0
[1.174088e-08] 0.0
[4.7475122e-08] 0.0
[2.3058677e-22] 0.0
[9.234498e-30] 0.0
[2.0160749e-06] 0.0
[2.0977724e-21] 1.0
[2.6449854e-08] 0.0
[2.5955579e-20] 0.0
[8.823876e-06] 0.0
[0.00010641] 0.0
[3.2485764e-07] 0.0
[6.690181e-14] 0.0
[5.906683e-16] 0.0
[7.595167e-10] 0.0
[2.957991e-16] 0.0
[0.9654946] 0.0
[1.3299555e-10] 0.0
[0.0002214] 0.0
[0.00031964] 0.0
[1.2339274e-21] 0.0
[2.2224996e-17] 0.0
[1.8347453e-10] 0.0
[3.0274798e-08] 0.0
[5.4236705e-23] 0.0
[1.9447731e-16] 0.0
[3.2712714e-07] 0.0
[4.8877883e-20] 0.0
[1.4191055e-27] 0.0
[0.00025787] 0.0
[1.6051315e-11] 0.0
[4.999817e-08] 0.0
[4.363827e-17] 0.0
[1.6153948e-31] 0.0
[1.1882444e-13] 0.0
[3.3689203e-06] 0.0
[1.6216981e-13] 0.0
[2.9973166e-11] 0.0
[3.8399878e-25] 0.0
[1.8862296e-20] 0.0
[1.5375333e-08] 0.0
[2.6815704e-11] 0.0
[0.00228639] 0.0
[4.3551666e-23] 0.0
[1.5236115e-07] 0.0
[0.7817869] 0.0
[2.2308773e-15] 0.0
[2.667791e-15] 0.0
[9.008815e-16] 0.0
[9.599713e-09] 0.0
[0.00176115] 0.0
[6.429456e-14] 0.0
[1.2728776e-14] 0.0
[5.9104795e-20] 0.0
[1.11307706e-07] 0.0
[3.271905e-05] 0.0
[6.148615e-15] 0.0
[2.2041364e-05] 0.0
[2.5163878e-31] 0.0
[2.4798417e-09] 0.0
[1.4367699e-35] 0.0
[7.151275e-19] 0.0
[4.5284303e-16] 0.0
[9.753653e-14] 0.0
[1.9705932e-20] 0.0
[5.6122898e-18] 0.0
[0.84251165] 0.0
[9.460868e-18] 0.0
[2.3881183e-16] 0.0
[1.6620568e-09] 0.0
[9.1449e-10] 0.0
[1.0572175e-05] 0.0
[8.901993e-08] 0.0
[1.0435098e-25] 0.0
[0.00017897] 0.0
[0.04131154] 0.0
[1.217747e-15] 0.0
[1.6044957e-10] 0.0
[1.1746863e-19] 0.0
[4.7802184e-10] 0.0
[4.295764e-06] 0.0
[2.426711e-06] 0.0
[1.1916187e-06] 0.0
[7.945196e-14] 0.0
[1.6135846e-08] 0.0
[2.2558466e-09] 0.0
[0.00260478] 0.0
[5.1375814e-13] 0.0
[4.6703438e-08] 0.0
[1.06616284e-07] 1.0
[1.8595965e-11] 0.0
[1.2687162e-17] 0.0
[2.8695125e-05] 0.0
[3.0084874e-21] 0.0
[6.74145e-16] 0.0
[2.084237e-09] 0.0
[1.7473917e-23] 0.0
[2.2365204e-13] 0.0
[0.99996376] 0.0
[2.7974624e-16] 0.0
[9.350757e-32] 0.0
[8.201007e-20] 0.0
[4.7983883e-21] 0.0
[5.637818e-09] 0.0
[2.4180685e-11] 0.0
[8.0270517e-22] 0.0
[1.13258976e-17] 0.0
[3.5099657e-10] 1.0
[2.3643495e-10] 0.0
[0.09611155] 0.0
[3.5494153e-11] 0.0
[1.1589871e-12] 0.0
[4.489064e-11] 0.0
[1.8104137e-15] 0.0
[2.7070674e-28] 0.0
[9.745531e-13] 0.0
[3.448616e-21] 0.0
[3.0957387e-10] 1.0
[1.0995985e-13] 0.0
[4.436805e-27] 0.0
[0.09968565] 0.0
[5.9469356e-05] 0.0
[6.7772923e-12] 1.0
[0.10874271] 0.0
[0.00085183] 0.0
[3.740467e-22] 0.0
[3.3627885e-11] 0.0
[1.2048363e-12] 0.0
[2.0084676e-16] 0.0
[0.04848421] 0.0
[2.158012e-06] 0.0
[2.2442418e-13] 0.0
[2.2403365e-21] 0.0
[9.454556e-10] 0.0
[3.237132e-20] 0.0
[0.00021887] 0.0
[1.16001675e-36] 0.0
[1.800717e-14] 0.0
[5.5212216e-15] 0.0
[9.920171e-13] 0.0
[1.4894654e-10] 0.0
[6.073333e-26] 0.0
[1.2902873e-09] 0.0
[7.833331e-11] 0.0
[0.99997175] 0.0
[0.8606209] 1.0
[0.2584089] 0.0
[2.4860183e-08] 0.0
[1.4815812e-12] 0.0
[0.00334554] 0.0
[4.672402e-27] 0.0
[1.0526727e-19] 0.0
[4.6915517e-18] 0.0
[2.323273e-20] 0.0
[4.496301e-13] 0.0
[0.00036069] 0.0
[0.27633965] 0.0
[5.4408535e-14] 0.0
[0.00040894] 0.0
[0.03487935] 0.0
[1.5431499e-24] 0.0
[1.1570554e-14] 0.0
[1.1554009e-30] 0.0
[3.1745268e-16] 0.0
[2.4314129e-17] 0.0
[1.2829497e-09] 0.0
[1.5076868e-21] 0.0
[6.5466123e-16] 0.0
[1.837773e-12] 0.0
[6.409499e-10] 0.0
[4.57628e-13] 0.0
[7.3361385e-05] 0.0
[1.7416886e-23] 0.0
[9.09682e-13] 0.0
[2.6754045e-22] 0.0
[3.7047128e-09] 0.0
[1.0039683e-21] 0.0
[5.6221806e-21] 0.0
[1.1177656e-23] 0.0
[1.4397812e-14] 0.0
[2.8222204e-05] 0.0
[6.045304e-23] 0.0
[1.6383998e-06] 0.0
[2.3657037e-13] 1.0
[7.231997e-12] 0.0
[1.5487786e-13] 0.0
[0.07430948] 0.0
[0.00070584] 0.0
[7.5977386e-31] 0.0
[2.8088388e-13] 0.0
[6.739105e-07] 0.0
[0.20734033] 0.0
[3.207011e-07] 0.0
[1.821293e-05] 0.0
[0.00041502] 0.0
[1.412465e-16] 0.0
[1.5068608e-11] 0.0
[1.1771397e-12] 0.0
[0.9849592] 0.0
[6.4650684e-14] 0.0
[2.8585842e-24] 0.0
[4.526911e-16] 0.0
[0.430482] 0.0
[0.9997074] 0.0
[0.09762587] 0.0
[2.4567937e-15] 0.0
[6.920736e-20] 0.0
[6.598746e-10] 0.0
[0.04690935] 0.0
[2.6375138e-31] 0.0
[7.157084e-09] 0.0
[7.0394225e-31] 0.0
[5.817897e-11] 0.0
[1.47779e-32] 0.0
[0.00101067] 0.0
[7.5967387e-07] 0.0
[1.6407452e-17] 0.0
[4.9407197e-07] 0.0
[1.5642967e-05] 0.0
[5.051326e-17] 0.0
[1.06701704e-19] 0.0
[9.8640715e-29] 0.0
[1.4301276e-18] 0.0
[3.662422e-18] 0.0
[1.2349531e-11] 0.0
[2.1771941e-17] 0.0
[1.8016906e-05] 0.0
[1.3363696e-27] 0.0
[6.189871e-11] 0.0
[2.821976e-15] 0.0
[5.8442976e-07] 0.0
[3.0911183e-14] 0.0
[0.00232372] 0.0
[2.9507444e-05] 0.0
[1.2881354e-17] 0.0
[2.198352e-23] 0.0
[1.5540955e-25] 0.0
[5.987311e-11] 0.0
[1.3730069e-19] 0.0
[2.9209545e-16] 0.0
[2.4790955e-12] 0.0
[5.427084e-16] 0.0
[4.712927e-13] 0.0
[6.86312e-05] 0.0
[3.633797e-25] 0.0
[9.96617e-11] 0.0
[7.564558e-26] 0.0
[3.6165385e-10] 0.0
[3.7718778e-13] 1.0
[3.4196216e-16] 0.0
[1.403947e-21] 0.0
[5.510572e-16] 0.0
[2.2600445e-10] 0.0
[1.3958574e-20] 0.0
[3.6406763e-07] 0.0
[1.1941957e-19] 0.0
[0.] 0.0
[1.2580023e-33] 0.0
[1.1606701e-09] 0.0
[1.5744931e-12] 0.0
[1.1048305e-10] 1.0
[0.] 0.0
[1.0197847e-09] 0.0
[8.963463e-31] 0.0
[4.7508374e-19] 0.0
[4.0607785e-07] 0.0
[6.4019602e-25] 0.0
[8.752858e-11] 0.0
[0.00083332] 0.0
[3.8502767e-14] 0.0
[4.8629893e-08] 0.0
[2.1617425e-06] 0.0
[8.433161e-15] 0.0
[1.203903e-17] 0.0
[3.7361662e-11] 0.0
[6.740866e-10] 0.0
[0.00078425] 0.0
[4.9198107e-10] 1.0
[2.4899134e-06] 0.0
[1.6114529e-27] 0.0
[3.5775767e-21] 0.0
[8.04058e-34] 0.0
[3.9048922e-07] 0.0
[1.5578485e-12] 0.0
[8.435345e-12] 0.0
[5.0267416e-24] 0.0
[3.026038e-22] 0.0
[2.746478e-05] 0.0
[5.457129e-14] 0.0
[1.7832799e-20] 0.0
[0.00074982] 0.0
[2.5878967e-08] 0.0
[5.910471e-23] 0.0
[7.081529e-21] 0.0
[2.8364075e-10] 0.0
[2.7377578e-26] 0.0
[2.2954663e-12] 0.0
[6.341869e-19] 0.0
[7.992381e-06] 0.0
[1.3508911e-06] 0.0
[1.0011586e-07] 0.0
[1.697752e-14] 0.0
[5.6713885e-18] 0.0
[0.11882692] 0.0
[4.4337814e-10] 0.0
[3.550327e-16] 0.0
[4.751833e-12] 0.0
[1.0184743e-17] 0.0
[2.5714989e-14] 0.0
[8.7347926e-27] 0.0
[9.965911e-17] 0.0
[6.992182e-32] 0.0
[1.395348e-10] 0.0
[2.0378484e-16] 0.0
[1.8648193e-17] 0.0
[5.5911087e-08] 0.0
[1.0546666e-26] 0.0
[1.9850003e-23] 0.0
[2.3449682e-05] 0.0
[5.704518e-19] 0.0
[0.00685537] 0.0
[3.2522987e-10] 0.0
[1.7970929e-07] 0.0
[2.6108767e-08] 0.0
[4.1936932e-16] 0.0
[0.00092452] 0.0
[1.7891752e-07] 0.0
[3.1691986e-11] 0.0
[1.4455322e-10] 0.0
[4.209658e-12] 0.0
[1.0963145e-05] 0.0
[3.371542e-30] 0.0
[3.2650894e-14] 0.0
[6.5753094e-19] 0.0
[4.0206917e-20] 0.0
[1.8226116e-09] 0.0
[0.9989924] 1.0
[6.0722076e-23] 0.0
[6.804389e-23] 0.0
[6.224974e-19] 0.0
[3.634195e-08] 0.0
[3.2797678e-19] 0.0
[6.8897464e-08] 0.0
[1.9901359e-13] 0.0
[0.00358548] 0.0
[2.7229862e-13] 0.0
[1.3312583e-06] 0.0
[2.0840612e-21] 0.0
[7.3781144e-26] 0.0
[9.2082975e-10] 0.0
[1.2821621e-20] 1.0
[1.3376265e-16] 0.0
[1.4838414e-15] 0.0
[2.955293e-14] 0.0
[1.4239552e-13] 0.0
[6.706319e-21] 0.0
[0.45071015] 0.0
[3.1809587e-19] 0.0
[3.1918925e-15] 0.0
[7.643317e-13] 0.0
[4.9049245e-09] 1.0
[3.1627253e-11] 0.0
[0.01299529] 1.0
[8.943322e-10] 0.0
[4.4746337e-15] 0.0
[1.4212865e-15] 0.0
[0.00013807] 1.0
[3.024644e-13] 0.0
[7.3230755e-10] 0.0
[2.4592641e-34] 0.0
[3.370869e-10] 0.0
[0.9696423] 0.0
[2.1669273e-14] 0.0
[1.5441638e-15] 0.0
[1.7237539e-18] 0.0
[0.0009431] 1.0
[4.605195e-12] 0.0
[1.9306898e-33] 0.0
[1.2706537e-17] 1.0
[5.411237e-13] 0.0
[1.6105863e-05] 0.0
[0.988644] 0.0
[0.00913397] 1.0
[5.472863e-16] 0.0
[1.3320378e-13] 0.0
[3.3160052e-07] 0.0
[1.2433827e-09] 0.0
[1.592111e-12] 0.0
[3.957436e-35] 0.0
[0.9942462] 0.0
[9.960548e-18] 0.0
[1.4284738e-28] 0.0
[1.0342221e-11] 0.0
[2.9850982e-05] 0.0
[1.8679797e-14] 0.0
[2.7543116e-24] 0.0
[5.1056657e-05] 0.0
[1.2204287e-25] 0.0
[3.6707965e-20] 0.0
[5.118597e-09] 0.0
[0.01913668] 1.0
[2.8155597e-13] 0.0
[6.88669e-18] 0.0
[0.00203658] 0.0
[7.712177e-12] 0.0
[7.8082e-06] 0.0
[5.397149e-23] 0.0
[0.021768] 0.0
[0.23675275] 0.0
[1.0865161e-13] 0.0
[1.1707281e-10] 0.0
[0.] 0.0
[6.037839e-15] 0.0
[1.2715071e-32] 0.0
[1.47087915e-08] 0.0
[1.2823888e-25] 0.0
[1.2510086e-10] 0.0
[9.068124e-11] 0.0
[1.489205e-16] 0.0
[0.0037535] 0.0
[2.722603e-12] 0.0
[3.22636e-18] 0.0
[2.4966244e-23] 0.0
[1.7376733e-12] 0.0
[1.1287837e-09] 1.0
[8.6108204e-10] 0.0
[0.9500254] 0.0
[1.0102755e-06] 0.0
[3.1320143e-18] 0.0
[3.8402107e-12] 0.0
[1.4542777e-12] 0.0
[2.932866e-17] 0.0
[1.3506197e-08] 0.0
[8.482828e-12] 0.0
[1.00180006e-19] 0.0
[2.4515396e-09] 0.0
[7.497559e-08] 0.0
[3.6343828e-08] 0.0
[3.1392415e-09] 0.0
[6.540934e-27] 0.0
[1.1109987e-14] 0.0
[0.0003177] 1.0
[1.6811484e-24] 0.0
[4.7699057e-11] 0.0
[2.1490008e-23] 0.0
[2.858098e-21] 0.0
[9.649398e-07] 0.0
[5.599717e-10] 0.0
[1.0311812e-14] 0.0
[1.4895312e-28] 0.0
[3.469104e-07] 0.0
[6.142582e-14] 0.0
[0.00055429] 0.0
[1.1513808e-20] 0.0
[0.00175884] 0.0
[2.3879605e-26] 0.0
[2.679349e-28] 0.0
[5.6832814e-17] 0.0
[3.3325885e-25] 0.0
[5.274575e-13] 0.0
[0.] 0.0
[2.4213175e-11] 0.0
[9.512793e-08] 0.0
[1.3003462e-07] 0.0
[4.4232207e-26] 0.0
[0.] 0.0
[4.7240883e-20] 0.0
[4.9752463e-19] 0.0
[5.196559e-08] 0.0
[6.1866047e-07] 0.0
[2.2189685e-12] 0.0
[1.4496233e-22] 0.0
[0.00012398] 0.0
[1.9510362e-05] 0.0
[1.3084956e-09] 0.0
[0.7953202] 0.0
[0.9509978] 0.0
[2.7605557e-12] 0.0
[1.2765254e-20] 0.0
[7.98706e-13] 0.0
[0.00021265] 0.0
[1.1356214e-19] 0.0
[3.490959e-13] 0.0
[7.909527e-06] 0.0
[4.8503517e-09] 0.0
[2.182967e-06] 0.0
[1.2071228e-05] 0.0
[3.162188e-15] 0.0
[3.8279024e-20] 0.0
[0.980485] 1.0
[2.9860697e-11] 1.0
[1.0229498e-05] 0.0
[0.31534183] 0.0
[2.0062507e-27] 0.0
[1.189484e-14] 0.0
[5.1743562e-05] 0.0
[4.2571727e-10] 0.0
[5.4442253e-11] 0.0
[1.0871494e-05] 0.0
[0.000268] 0.0
[0.00060751] 0.0
[8.3666103e-22] 0.0
[2.236407e-07] 0.0
[3.005106e-12] 0.0
[2.1633067e-13] 0.0
[3.6555417e-10] 0.0
[0.] 0.0
[4.045302e-15] 0.0
[6.376667e-08] 0.0
[9.2439e-09] 0.0
[0.30401075] 0.0
[2.869553e-07] 0.0
[4.4552624e-05] 1.0
[1.6126776e-26] 0.0
[0.20774762] 0.0
[5.007059e-20] 0.0
[4.979114e-07] 0.0
[9.781414e-21] 0.0
[7.38297e-05] 0.0
[6.5442864e-06] 0.0
[5.2400906e-13] 0.0
[0.9951912] 0.0
[3.261993e-08] 0.0
[1.330543e-08] 0.0
[6.062344e-24] 0.0
[2.6755977e-15] 0.0
[2.066163e-14] 0.0
[8.879869e-18] 0.0
[0.] 0.0
[0.99812967] 1.0
[1.5348925e-09] 0.0
[5.176822e-12] 0.0
[0.9028264] 0.0
[0.99831593] 0.0
[2.4810068e-23] 0.0
[3.592612e-18] 0.0
[7.241737e-17] 0.0
[2.046801e-15] 0.0
[5.076226e-09] 0.0
[4.3803675e-19] 0.0
[1.1133422e-19] 0.0
[2.040905e-09] 0.0
[2.1344951e-19] 0.0
[1.6550495e-13] 0.0
[1.6261942e-26] 0.0
[2.859126e-19] 0.0
[1.9356755e-10] 0.0
[0.99953854] 0.0
[2.2349312e-08] 0.0
[2.1335471e-07] 0.0
[2.4053475e-06] 0.0
[4.588991e-27] 0.0
[9.76455e-16] 0.0
[2.8724193e-19] 0.0
[7.239358e-18] 0.0
[1.6270269e-17] 0.0
[6.0577484e-15] 0.0
[1.8698923e-12] 0.0
[7.862843e-24] 0.0
[2.9679503e-15] 0.0
[2.1096129e-10] 0.0
[1.517173e-27] 0.0
[9.520284e-13] 0.0
[2.2615254e-06] 0.0
[3.3510254e-08] 0.0
[0.36357698] 0.0
[1.829037e-24] 0.0
[4.431995e-06] 0.0
[5.227262e-17] 0.0
[1.2957701e-31] 0.0
[0.00018607] 0.0
[0.00025076] 0.0
[1.9210233e-09] 1.0
[1.5176183e-09] 0.0
[0.00268702] 0.0
[3.916862e-09] 0.0
[3.29737e-18] 0.0
[1.4925859e-20] 0.0
[5.973045e-07] 0.0
[5.2201482e-17] 0.0
[2.3321652e-13] 0.0
[1.4037096e-16] 0.0
[0.00012369] 0.0
[1.3614614e-09] 0.0
[1.4987315e-19] 0.0
[1.224058e-07] 0.0
[1.5965314e-17] 0.0
[1.7918663e-07] 0.0
[0.00010986] 0.0
[1.6810363e-20] 0.0
[1.4831466e-21] 0.0
[1.2117336e-09] 0.0
[3.8374016e-22] 0.0
[0.0157645] 0.0
[6.3512385e-19] 0.0
[7.8909403e-07] 0.0
[0.01093837] 0.0
[0.00010398] 1.0
[0.6955272] 0.0
[1.121674e-23] 0.0
[2.8841662e-20] 0.0
[5.8257636e-13] 0.0
[0.99546] 0.0
[5.6511844e-11] 0.0
[1.12832934e-13] 0.0
[1.6445625e-08] 0.0
[2.659014e-14] 0.0
[8.1043934e-17] 0.0
[1.4166041e-08] 0.0
[3.4827325e-24] 0.0
[1.2948275e-06] 0.0
[6.676501e-11] 0.0
[1.6073629e-21] 0.0
[1.6398067e-17] 0.0
[9.4250915e-08] 1.0
[0.37002745] 0.0
[0.00669691] 0.0
[1.5089745e-15] 0.0
[1.0687797e-10] 0.0
[6.547123e-20] 0.0
[0.10006525] 1.0
[6.391905e-05] 0.0
[7.853539e-06] 0.0
[2.2296264e-05] 0.0
[6.9751564e-14] 0.0
[8.366256e-30] 0.0
[8.529501e-13] 0.0
[0.00093982] 0.0
[3.2154996e-25] 0.0
[2.3997727e-05] 0.0
[1.936694e-18] 0.0
[1.5844066e-07] 0.0
[4.930508e-26] 0.0
[4.438019e-29] 0.0
[6.4789237e-35] 0.0
[3.2166588e-14] 0.0
[2.7549354e-10] 0.0
[1.5515607e-17] 0.0
[4.7123186e-12] 0.0
[1.5996152e-18] 0.0
[7.992905e-11] 0.0
[9.647404e-12] 1.0
[5.9153656e-23] 0.0
[0.9994648] 0.0
[2.8673024e-22] 0.0
[0.] 0.0
[3.7612402e-08] 0.0
[0.00790111] 0.0
[4.2776225e-12] 0.0
[2.7702612e-08] 0.0
[1.05795043e-19] 1.0
[5.9283834e-36] 0.0
[1.5047798e-13] 1.0
[1.5352587e-16] 0.0
[5.4245076e-27] 0.0
[4.1657665e-20] 0.0
[8.680582e-27] 0.0
[4.90414e-16] 0.0
[3.0398535e-14] 0.0
[0.9895308] 0.0
[3.4346655e-18] 0.0
[3.43948e-06] 0.0
[1.121452e-11] 0.0
[5.902037e-18] 0.0
[1.7405714e-32] 0.0
[2.5303432e-10] 0.0
[1.028817e-12] 0.0
[4.6357988e-07] 0.0
[4.56408e-34] 0.0
[1.2679071e-19] 0.0
[1.2484801e-09] 0.0
[5.4367026e-22] 0.0
[4.6757812e-08] 0.0
[0.] 0.0
[2.1482031e-14] 0.0
[6.060761e-20] 0.0
[1.449128e-19] 0.0
[3.7109045e-11] 0.0
[6.9906663e-12] 0.0
[1.1359547e-12] 0.0
[2.8794796e-11] 0.0
[3.3332133e-09] 0.0
[2.4861688e-13] 0.0
[0.00253523] 0.0
[9.351563e-20] 0.0
[3.4006426e-08] 0.0
[9.274061e-17] 0.0
[7.9017845e-16] 0.0
[3.624917e-13] 0.0
[2.2257494e-13] 0.0
[3.6126414e-11] 0.0
[1.44470125e-08] 0.0
[9.407291e-16] 1.0
[4.6100242e-14] 0.0
[2.2290064e-22] 0.0
[3.8043566e-12] 0.0
[1.814544e-20] 0.0
[2.076208e-07] 0.0
[1.0729078e-17] 0.0
[0.00014321] 1.0
[2.9693734e-10] 0.0
[1.8300832e-17] 0.0
[1.9428481e-13] 0.0
[3.4680595e-11] 0.0
[2.5305258e-18] 0.0
[0.9979298] 0.0
[1.3260747e-14] 0.0
[8.518948e-05] 0.0
[6.7186236e-17] 0.0
[2.5436603e-17] 0.0
[0.32093114] 0.0
[5.2608646e-19] 0.0
[5.924053e-14] 0.0
[0.00151844] 0.0
[5.7702763e-11] 0.0
[9.496571e-15] 0.0
[0.03271332] 0.0
[6.3975496e-15] 0.0
[3.4415177e-22] 0.0
[3.557774e-10] 0.0
[0.99972314] 0.0
[1.5739565e-07] 0.0
[8.02551e-32] 0.0
[2.5701791e-11] 0.0
[4.027096e-26] 0.0
[9.358361e-24] 0.0
[0.00024679] 0.0
[9.275452e-11] 0.0
[9.346699e-08] 0.0
[3.1130196e-23] 0.0
[2.4295973e-08] 0.0
[1.1045935e-12] 0.0
[8.497845e-11] 0.0
[0.9997328] 0.0
[4.7969125e-33] 0.0
[5.0284256e-18] 0.0
[8.7854105e-06] 0.0
[1.9326537e-29] 0.0
[0.1351471] 0.0
[2.0654875e-27] 0.0
[8.805668e-06] 0.0
[0.11882608] 1.0
[8.451509e-17] 0.0
[1.2031276e-31] 0.0
[1.2138332e-29] 0.0
[2.9098257e-05] 0.0
[0.4437865] 0.0
[9.328965e-22] 0.0
[0.929679] 0.0
[3.2505942e-28] 0.0
[1.5586557e-32] 0.0
[1.2531899e-16] 0.0
[1.2685325e-13] 0.0
[5.0771897e-11] 0.0
[8.780797e-19] 0.0
[1.2063076e-09] 0.0
[0.09184302] 0.0
[9.0401034e-17] 0.0
[9.566217e-19] 0.0
[2.3987514e-19] 0.0
[1.449008e-13] 0.0
[3.0833644e-07] 0.0
[2.9586838e-07] 0.0
[4.18449e-08] 0.0
[3.8919735e-13] 0.0
[2.7075914e-15] 0.0
[4.7520607e-06] 0.0
[7.507149e-06] 0.0
[1.5327332e-13] 0.0
[7.455692e-19] 0.0
[0.00301478] 0.0
[0.99925107] 1.0
[0.04243743] 0.0
[2.0553319e-20] 0.0
[6.996869e-12] 0.0
[7.571889e-05] 0.0
[2.1233759e-20] 0.0
[6.0737434e-13] 0.0
[5.55479e-06] 0.0
[1.1287547e-18] 0.0
[7.863964e-10] 0.0
[0.00127856] 0.0
[8.20894e-06] 0.0
[5.224912e-16] 0.0
[1.5495198e-25] 0.0
[0.19539873] 1.0
[1.140997e-08] 0.0
[3.758856e-06] 0.0
[2.089179e-14] 0.0
[1.6618768e-12] 0.0
[1.1815074e-13] 0.0
[8.758467e-30] 0.0
[8.4425535e-24] 0.0
[4.900008e-06] 0.0
[0.9999685] 0.0
[1.3187487e-06] 0.0
[7.630273e-15] 0.0
[7.537493e-23] 0.0
[0.0038986] 0.0
[1.8187938e-18] 0.0
[1.1374758e-21] 0.0
[5.480432e-10] 0.0
[2.1428187e-17] 0.0
[8.334109e-17] 0.0
[1.898991e-12] 0.0
[1.426853e-10] 0.0
[5.656438e-07] 0.0
[1.2514466e-08] 0.0
[0.9878786] 0.0
[0.00106986] 0.0
[2.1153052e-11] 0.0
[1.7754275e-19] 0.0
[3.1707355e-06] 0.0
[0.02568614] 0.0
[0.00250271] 0.0
[4.542296e-13] 1.0
[8.606406e-17] 0.0
[1.9691372e-18] 0.0
[2.646431e-10] 0.0
[2.4073714e-09] 0.0
[6.818251e-27] 0.0
[1.1666144e-23] 0.0
[1.3705622e-09] 0.0
[3.562377e-22] 0.0
[1.7455154e-07] 0.0
[5.9046913e-19] 0.0
[1.4840469e-09] 0.0
[0.5282885] 1.0
[8.738647e-22] 0.0
[7.4679825e-05] 1.0
[2.3319212e-06] 0.0
[5.364397e-09] 0.0
[6.437868e-07] 0.0
[4.5760596e-14] 0.0
[9.537992e-12] 0.0
[5.9881193e-12] 0.0
[8.624327e-11] 0.0
[7.3425664e-19] 0.0
[0.00088038] 0.0
[7.159652e-05] 0.0
[5.0546832e-12] 0.0
[4.7479363e-20] 0.0
[7.151754e-15] 0.0
[0.52341026] 0.0
[0.99994683] 0.0
[1.8260959e-06] 0.0
[1.6060868e-15] 0.0
[1.3744749e-18] 0.0
[1.795713e-25] 0.0
[5.865158e-19] 0.0
[3.1675454e-13] 0.0
[2.385141e-05] 0.0
[2.76521e-15] 0.0
[9.0809635e-23] 0.0
[8.827447e-19] 0.0
[1.7678291e-10] 0.0
[1.3855629e-16] 0.0
[1.4842266e-07] 0.0
[6.672074e-14] 0.0
[4.6654384e-07] 0.0
[2.8365932e-09] 1.0
[7.7873386e-07] 0.0
[0.00019862] 0.0
[0.0027977] 0.0
[2.5636804e-05] 0.0
[5.4674807e-08] 0.0
[5.7413363e-06] 0.0
[5.0910373e-11] 0.0
[2.7211522e-10] 0.0
[9.7650844e-21] 0.0
[1.6705338e-08] 0.0
[2.605599e-07] 0.0
[2.2905645e-07] 1.0
[0.1713254] 0.0
[7.773756e-17] 0.0
[1.0255161e-15] 0.0
[0.00812727] 0.0
[1.3474728e-08] 0.0
[0.21111791] 0.0
[7.205628e-35] 0.0
[0.00670045] 0.0
[2.6872512e-13] 0.0
[6.133851e-13] 0.0
[2.263588e-16] 0.0
[0.00115184] 0.0
[0.00484456] 0.0
[0.00018416] 0.0
[0.00291965] 0.0
[1.4344956e-11] 0.0
[9.478536e-10] 0.0
[2.1987468e-15] 0.0
[1.7900812e-21] 0.0
[8.2439393e-22] 0.0
[1.3270482e-19] 0.0
[2.3161775e-11] 0.0
[1.2891351e-06] 1.0
[3.7668448e-28] 0.0
[6.7979693e-19] 0.0
[1.9543765e-10] 0.0
[2.8530009e-28] 0.0
[2.3588803e-18] 0.0
[6.796194e-15] 0.0
[0.00030198] 0.0
[5.730929e-20] 0.0
[5.303564e-11] 0.0
[1.5879794e-32] 0.0
[3.8416247e-27] 0.0
[9.621691e-13] 0.0
[1.2165627e-12] 0.0
[2.9235744e-12] 0.0
[3.4326428e-10] 0.0
[0.9999305] 0.0
[9.070748e-16] 0.0
[9.5192145e-20] 0.0
[1.680717e-11] 0.0
[1.7142747e-11] 0.0
[1.349419e-09] 0.0
[0.00057477] 0.0
[3.1408854e-22] 0.0
[6.009177e-14] 0.0
[6.955208e-16] 0.0
[2.7730021e-25] 0.0
[2.5051493e-05] 0.0
[6.5843095e-11] 0.0
[5.6136885e-38] 0.0
[1.4303728e-07] 0.0
[0.9768107] 0.0
[6.5892573e-06] 0.0
[0.9999912] 0.0
[0.3692066] 1.0
[0.] 0.0
[0.9982829] 0.0
[4.0426718e-19] 0.0
[3.024533e-14] 0.0
[9.773462e-15] 0.0
[0.8361185] 0.0
[9.608603e-19] 0.0
[1.01538264e-13] 0.0
[3.146207e-05] 0.0
[1.238558e-14] 0.0
[0.] 0.0
[4.0786756e-09] 0.0
[0.00058544] 1.0
[2.0107078e-14] 0.0
[3.740828e-08] 0.0
[1.7374204e-17] 0.0
[4.046085e-07] 1.0
[8.2226326e-10] 0.0
[9.4720945e-06] 0.0
[3.2723687e-08] 1.0
[5.24758e-10] 0.0
[3.523105e-29] 0.0
[3.6096604e-14] 0.0
[0.05137508] 0.0
[1.6900377e-07] 0.0
[1.67133e-20] 0.0
[0.8876645] 0.0
[5.28614e-12] 0.0
[3.2608842e-09] 0.0
[6.3455255e-11] 0.0
[1.6959572e-16] 0.0
[2.3664074e-07] 0.0
[4.1046547e-07] 0.0
[8.277585e-06] 0.0
[1.136205e-06] 0.0
[2.5620821e-27] 0.0
[8.956857e-18] 0.0
[2.8157765e-06] 0.0
[1.364923e-19] 0.0
[1.0324144e-08] 0.0
[1.9021819e-15] 0.0
[4.2412373e-22] 0.0
[3.5278065e-17] 0.0
[0.00038305] 0.0
[7.494976e-22] 0.0
[1.8058174e-18] 0.0
[5.3003533e-24] 0.0
[8.475215e-30] 0.0
[0.00379508] 0.0
[2.3614764e-23] 0.0
[1.5362161e-28] 0.0
[0.] 0.0
[9.5022114e-14] 0.0
[0.00182593] 0.0
[0.0286601] 0.0
[9.011069e-19] 0.0
[4.8378424e-16] 0.0
[2.2616566e-22] 0.0
[0.19740777] 0.0
[2.8506088e-27] 0.0
[2.6523229e-14] 0.0
[7.665135e-05] 0.0
[0.] 0.0
[1.615887e-17] 0.0
[4.174402e-10] 0.0
[1.1042565e-08] 0.0
[7.448792e-17] 0.0
[1.0977812e-10] 0.0
[1.163772e-19] 0.0
[1.3115133e-05] 0.0
[7.383499e-09] 1.0
[8.397804e-14] 0.0
[0.00015319] 0.0
[1.0290995e-05] 0.0
[4.1497728e-07] 0.0
[2.4002853e-05] 0.0
[3.221487e-20] 0.0
[4.8173505e-14] 0.0
[7.4701317e-25] 0.0
[2.7275027e-17] 0.0
[9.114983e-29] 0.0
[2.727781e-06] 0.0
[1.493472e-16] 0.0
[0.00498621] 0.0
[3.0411965e-08] 0.0
[3.878875e-11] 0.0
[9.518047e-10] 0.0
[1.2102561e-19] 0.0
[9.18365e-33] 0.0
[5.6140327e-15] 0.0
[4.1973435e-38] 1.0
[6.4650817e-07] 0.0
[1.1104978e-06] 0.0
[0.04358923] 0.0
[2.0732003e-19] 0.0
[4.9427327e-17] 0.0
[1.5169365e-26] 0.0
[6.62527e-13] 0.0
[1.6558967e-27] 0.0
[1.8978915e-22] 0.0
[5.037975e-07] 0.0
[3.2029362e-12] 0.0
[0.60628647] 0.0
[5.4430207e-11] 0.0
[4.570113e-06] 0.0
[0.07017633] 0.0
[0.00017076] 0.0
[3.6443132e-07] 0.0
[0.11443833] 0.0
[0.00072817] 0.0
[9.560506e-23] 0.0
[9.543637e-15] 0.0
[5.9892273e-12] 0.0
[8.0026903e-13] 0.0
[9.500844e-08] 0.0
[3.1476752e-29] 0.0
[2.4381853e-12] 0.0
[1.5845056e-25] 0.0
[4.358324e-23] 0.0
[2.6321572e-08] 0.0
[1.0068945e-14] 0.0
[2.8024368e-18] 0.0
[0.000512] 1.0
[0.00062881] 0.0
[4.62295e-29] 0.0
[7.3761197e-10] 0.0
[4.5351485e-19] 0.0
[6.1704475e-10] 0.0
[0.0001505] 0.0
[1.7558444e-23] 0.0
[1.2325673e-06] 0.0
[0.2854277] 0.0
[7.506614e-09] 0.0
[1.3536936e-16] 0.0
[6.4345375e-05] 0.0
[8.867758e-07] 0.0
[9.283423e-21] 0.0
[1.2868594e-08] 0.0
[4.5846663e-21] 0.0
[3.012651e-17] 0.0
[2.5484578e-10] 0.0
[1.7448486e-29] 0.0
[0.12747715] 0.0
[1.0927349e-16] 0.0
[3.8190047e-09] 0.0
[1.8926348e-15] 0.0
[4.901492e-13] 0.0
[7.428822e-15] 0.0
[5.1250263e-06] 0.0
[4.7322554e-29] 0.0
[6.765398e-08] 0.0
[6.3375347e-13] 0.0
[9.7983355e-09] 0.0
[3.5402073e-18] 0.0
[1.2160911e-09] 0.0
[0.22093126] 0.0
[1.2594934e-14] 0.0
[1.5152254e-25] 0.0
[0.00015868] 0.0
[2.6156125e-15] 0.0
[6.5447903e-12] 0.0
[7.7454147e-28] 0.0
[6.863044e-23] 1.0
[2.5767308e-23] 0.0
[1.309483e-26] 0.0
[2.525535e-22] 0.0
[0.00803745] 0.0
[2.579182e-10] 0.0
[3.5444835e-11] 0.0
[2.868243e-22] 0.0
[7.496148e-22] 0.0
[9.987421e-08] 0.0
[1.469989e-13] 0.0
[0.936843] 0.0
[0.8875042] 0.0
[7.4727567e-13] 0.0
[1.57618e-33] 0.0
[1.2363663e-16] 0.0
[0.7574282] 0.0
[0.00892013] 0.0
[1.343713e-38] 0.0
[0.01791205] 0.0
[1.07100845e-13] 0.0
[3.5599238e-05] 0.0
[1.2073364e-28] 0.0
[0.00669395] 0.0
[8.622566e-05] 0.0
[1.847585e-24] 0.0
[3.3600507e-15] 0.0
[4.260364e-18] 0.0
[1.87153e-12] 0.0
[2.7954688e-05] 0.0
[4.992631e-16] 0.0
[1.6659677e-23] 0.0
[1.5839845e-08] 0.0
[6.007611e-20] 0.0
[1.986179e-11] 0.0
[1.6992785e-32] 0.0
[1.0769346e-05] 0.0
[3.873205e-11] 0.0
[4.378754e-16] 0.0
[1.1882299e-18] 0.0
[0.0004225] 0.0
[1.969286e-27] 0.0
[0.] 0.0
[5.765828e-31] 0.0
[6.585278e-18] 0.0
[1.5341647e-15] 0.0
[0.1921232] 1.0
[2.916608e-11] 0.0
[1.4815836e-06] 0.0
[2.6577653e-15] 0.0
[0.59689444] 1.0
[0.9812136] 0.0
[1.1723277e-18] 0.0
[5.2678666e-14] 0.0
[1.787579e-11] 0.0
[4.7658995e-28] 0.0
[6.377032e-08] 0.0
[0.741001] 0.0
[5.2397464e-22] 0.0
[6.004899e-38] 0.0
[4.351718e-09] 0.0
[9.218384e-21] 0.0
[2.1912498e-14] 0.0
[9.0473446e-14] 0.0
[0.00315213] 0.0
[9.833973e-11] 0.0
[1.82143e-07] 0.0
[3.377136e-18] 0.0
[0.8810182] 0.0
[4.0096632e-13] 0.0
[1.07988404e-17] 0.0
[6.705301e-12] 0.0
[2.2133132e-23] 0.0
[0.03068627] 0.0
[1.4493726e-17] 0.0
[1.10425225e-08] 0.0
[1.6520358e-19] 0.0
[3.497796e-10] 0.0
[3.4504124e-32] 0.0
[0.06574441] 0.0
[2.2608926e-07] 0.0
[2.686194e-29] 0.0
[9.1191724e-18] 0.0
[2.975915e-11] 0.0
[6.921511e-17] 0.0
[1.1774899e-06] 0.0
[2.1086512e-06] 0.0
[1.6601777e-28] 0.0
[0.02179982] 1.0
[1.1712293e-31] 0.0
[3.1881652e-17] 0.0
[6.3795476e-09] 0.0
[3.460448e-06] 0.0
[8.94553e-06] 0.0
[1.9017665e-07] 1.0
[0.00078711] 0.0
[2.8113361e-06] 0.0
[0.00087298] 0.0
[3.6758374e-22] 0.0
[0.8490402] 0.0
[6.372074e-15] 0.0
[8.409349e-13] 0.0
[9.951038e-21] 0.0
[4.3233793e-33] 0.0
[1.6241042e-27] 0.0
[3.3762363e-17] 0.0
[7.3635455e-12] 0.0
[0.2980719] 0.0
[0.84436285] 0.0
[5.9010434e-19] 0.0
[1.2974134e-06] 0.0
[1.5822254e-14] 0.0
[1.1024863e-16] 0.0
[0.00051628] 0.0
[6.1122775e-29] 0.0
[2.0172438e-31] 0.0
[3.0262846e-27] 0.0
[5.1383277e-06] 0.0
[0.00120911] 0.0
[1.4170342e-07] 0.0
[6.919725e-22] 0.0
[0.00048606] 1.0
[1.087652e-06] 0.0
[2.468347e-16] 0.0
[8.050994e-24] 0.0
[7.9864815e-13] 0.0
[6.670209e-05] 0.0
[2.075451e-06] 0.0
[6.691268e-21] 0.0
[9.924235e-10] 0.0
[2.3338353e-08] 0.0
[1.10267336e-20] 0.0
[1.2233466e-10] 0.0
[0.] 0.0
[1.5430744e-15] 0.0
[1.02906874e-07] 0.0
[4.9101554e-21] 0.0
[6.7330824e-28] 0.0
[2.2841414e-05] 0.0
[0.92321646] 0.0
[8.739592e-27] 0.0
[8.28019e-13] 0.0
[2.3041302e-19] 0.0
[1.8536802e-21] 0.0
[9.0065424e-17] 0.0
[5.2270668e-08] 0.0
[9.104388e-13] 0.0
[8.3279356e-26] 0.0
[1.2139617e-16] 0.0
[9.6925955e-15] 0.0
[3.852898e-11] 0.0
[1.3589503e-16] 0.0
[0.00019471] 0.0
[0.9995943] 0.0
[2.1275943e-33] 0.0
[2.4925996e-15] 0.0
[0.21723326] 0.0
[1.1336668e-06] 0.0
[3.406733e-15] 0.0
[0.40165946] 1.0
[6.153942e-15] 0.0
[4.7483272e-08] 0.0
[2.6493913e-07] 0.0
[1.392748e-17] 0.0
[2.5693772e-17] 0.0
[0.9992536] 0.0
[1.0428836e-09] 0.0
[0.] 0.0
[2.854462e-07] 0.0
[7.3779844e-08] 0.0
[5.338198e-12] 0.0
[1.9670155e-15] 0.0
[2.8125182e-23] 0.0
[1.9697274e-10] 0.0
[0.9999994] 0.0
[7.700345e-08] 0.0
[4.770199e-10] 0.0
[0.00959358] 0.0
[2.7237883e-07] 0.0
[4.2498043e-11] 0.0
[5.778975e-12] 0.0
[7.066241e-10] 0.0
[2.1595611e-15] 0.0
[0.00303118] 0.0
[0.9789875] 0.0
[3.2004846e-05] 0.0
[2.0787944e-05] 0.0
[4.858169e-07] 0.0
[3.092006e-08] 0.0
[1.0573133e-05] 0.0
[1.5525713e-12] 0.0
[2.7812157e-15] 0.0
[7.239649e-29] 1.0
[6.170377e-29] 0.0
[0.00698994] 0.0
[2.2038065e-26] 0.0
[4.871603e-31] 0.0
[1.4521402e-05] 0.0
[2.6898505e-32] 0.0
[1.9162935e-05] 0.0
[6.656644e-21] 0.0
[2.8109207e-07] 0.0
[5.363383e-17] 0.0
[4.111738e-21] 0.0
[1.9900909e-20] 0.0
[6.4718577e-09] 0.0
[8.334593e-05] 0.0
[1.9954166e-23] 0.0
[4.126893e-18] 0.0
[0.09286612] 0.0
[1.5611006e-33] 0.0
[1.6120557e-08] 0.0
[3.4572507e-17] 0.0
[1.3690565e-10] 0.0
[0.2394582] 0.0
[1.8116476e-18] 0.0
[0.01843561] 0.0
[6.512901e-19] 0.0
[0.30925414] 0.0
[6.4639066e-15] 1.0
[1.3339272e-31] 0.0
[6.318461e-22] 0.0
[1.7069547e-28] 0.0
[0.51665896] 0.0
[4.7428106e-10] 1.0
[6.837681e-08] 0.0
[2.2930628e-07] 1.0
[1.4133471e-26] 0.0
[3.8949045e-14] 0.0
[1.6523138e-18] 0.0
[0.00010028] 0.0
[0.4335659] 0.0
[1.2668786e-17] 0.0
[3.9448323e-14] 0.0
[7.2309485e-05] 0.0
[9.383362e-21] 0.0
[0.00020059] 0.0
[0.48382303] 0.0
[1.6101965e-23] 0.0
[4.601803e-06] 0.0
[1.6406743e-27] 0.0
[0.4101742] 0.0
[1.7912736e-09] 0.0
[2.9999228e-16] 0.0
[8.8777796e-08] 0.0
[1.9129362e-12] 0.0
[3.6317e-20] 0.0
[0.63194984] 0.0
[0.9999937] 0.0
[1.0892418e-11] 0.0
[8.241037e-06] 0.0
[5.38568e-13] 0.0
[1.2384757e-17] 0.0
[2.0894629e-13] 0.0
[2.6602118e-21] 0.0
[1.6144092e-16] 0.0
[3.479006e-14] 0.0
[9.050977e-16] 0.0
[3.67961e-15] 0.0
[0.9530591] 0.0
[8.498257e-17] 0.0
[0.0095647] 0.0
[4.7330785e-17] 0.0
[2.0501985e-13] 0.0
[2.240472e-11] 0.0
[5.9051636e-08] 0.0
[3.3153792e-19] 0.0
[5.9342283e-26] 0.0
[7.390455e-14] 0.0
[1.9319705e-08] 0.0
[1.5438945e-13] 0.0
[6.0462283e-15] 0.0
[2.5286578e-11] 0.0
[0.00015929] 0.0
[3.3647904e-11] 1.0
[7.5602975e-07] 0.0
[6.5417877e-18] 0.0
[7.6770135e-12] 0.0
[3.1427677e-05] 1.0
[1.1808425e-17] 0.0
[4.6304793e-17] 0.0
[1.7108785e-10] 0.0
[2.94947e-10] 0.0
[1.6371146e-07] 0.0
[0.9460505] 0.0
[4.3581877e-17] 0.0
[5.601698e-12] 0.0
[2.4164951e-08] 0.0
[6.8057407e-15] 0.0
[1.6138314e-06] 0.0
[5.5724955e-05] 0.0
[8.304913e-09] 0.0
[1.3675078e-08] 0.0
[6.123352e-25] 0.0
[0.0055852] 0.0
[2.0757932e-05] 0.0
[4.369079e-11] 1.0
[2.1524549e-05] 0.0
[1.0435413e-33] 0.0
[5.052036e-33] 0.0
[1.1314996e-28] 0.0
[1.4507628e-11] 0.0
[0.99644405] 0.0
[7.6980304e-33] 0.0
[1.5559962e-22] 0.0
[3.1330316e-17] 0.0
[2.3937447e-17] 0.0
[0.8032954] 0.0
[1.2811679e-05] 0.0
[1.3917183e-16] 0.0
[2.9550628e-07] 0.0
[0.] 0.0
[8.707134e-11] 0.0
[1.65531e-07] 0.0
[2.1579874e-06] 0.0
[0.00211551] 0.0
[2.1691222e-15] 0.0
[1.3682621e-15] 0.0
[7.471512e-07] 1.0
[3.3982626e-27] 0.0
[0.00776989] 0.0
[4.180748e-27] 0.0
[1.2810443e-10] 0.0
[0.43157265] 0.0
[0.03073161] 0.0
[1.5078852e-25] 0.0
[1.711757e-17] 0.0
[0.00668672] 0.0
[0.66304636] 0.0
[1.1770336e-09] 0.0
[1.5834379e-23] 0.0
[2.1268147e-11] 0.0
[0.] 0.0
[1.474011e-11] 0.0
[4.4695416e-06] 0.0
[1.0283291e-22] 0.0
[2.6749598e-07] 0.0
[3.40856e-11] 0.0
[4.6155816e-07] 0.0
[5.68277e-10] 0.0
[1.0350831e-10] 0.0
[0.00012146] 0.0
[6.739195e-14] 0.0
[8.0647817e-07] 0.0
[3.3273337e-15] 0.0
[0.32758787] 1.0
[3.2314737e-17] 0.0
[5.419952e-10] 0.0
[9.821757e-10] 0.0
[2.2101751e-15] 0.0
[0.] 0.0
[1.1968421e-17] 1.0
[1.6931371e-18] 0.0
[2.5048638e-14] 0.0
[5.721547e-16] 0.0
[7.632769e-13] 0.0
[1.5690039e-12] 0.0
[1.3783828e-16] 0.0
[0.01207222] 0.0
[8.665524e-09] 1.0
[9.357425e-18] 0.0
[0.01619583] 0.0
[3.3687615e-17] 0.0
[5.528819e-19] 0.0
[0.99416524] 0.0
[1.7153448e-18] 1.0
[0.9685855] 0.0
[1.580983e-13] 0.0
[3.382586e-20] 0.0
[0.00061655] 0.0
[9.2223075e-17] 0.0
[8.055844e-25] 0.0
[5.555848e-12] 0.0
[8.85897e-08] 0.0
[4.563358e-30] 0.0
[2.934156e-15] 0.0
[2.6566598e-23] 0.0
[5.386051e-20] 0.0
[1.5898395e-14] 0.0
[3.1238177e-25] 0.0
[1.737535e-07] 0.0
[3.5326952e-17] 0.0
[1.2101053e-09] 0.0
[0.00075805] 0.0
[6.8230715e-25] 0.0
[0.00408041] 1.0
[0.02881263] 0.0
[2.3429205e-08] 0.0
[9.236878e-18] 0.0
[2.7590635e-10] 0.0
[1.7970306e-08] 0.0
[0.9865237] 0.0
[1.6445546e-10] 0.0
[1.2777327e-14] 0.0
[8.6555616e-32] 0.0
[3.7199684e-11] 0.0
[1.2656927e-13] 0.0
[2.8032283e-14] 0.0
[1.2456655e-10] 0.0
[3.3067205e-05] 1.0
[1.47779e-32] 0.0
[1.0668469e-10] 0.0
[2.9480672e-23] 0.0
[0.00372827] 0.0
[1.1989224e-15] 0.0
[3.2410693e-15] 0.0
[6.518882e-14] 1.0
[2.534432e-08] 0.0
[6.8375644e-12] 0.0
[1.2646105e-07] 0.0
[0.8823518] 0.0
[1.8277116e-05] 0.0
[3.419839e-11] 0.0
[2.3371355e-31] 0.0
[0.00851627] 0.0
[6.121619e-19] 0.0
[2.5295763e-05] 0.0
[6.655105e-18] 0.0
[5.584259e-11] 0.0
[2.31463e-09] 0.0
[0.0065561] 0.0
[3.275827e-09] 0.0
[0.9995073] 0.0
[3.730622e-07] 0.0
[1.0750722e-07] 0.0
[7.8866805e-20] 0.0
[6.5248623e-06] 0.0
[2.319695e-06] 0.0
[1.2467351e-14] 0.0
[0.9839154] 0.0
[2.9594262e-22] 0.0
[5.903548e-17] 0.0
[2.506894e-15] 0.0
[1.4187113e-18] 0.0
[1.9601119e-20] 0.0
[4.636331e-09] 0.0
[3.8733546e-05] 0.0
[0.9593922] 0.0
[0.01542699] 1.0
[7.95691e-09] 0.0
[4.8661303e-07] 0.0
[1.0523955e-08] 0.0
[5.0258575e-10] 0.0
[1.2923176e-19] 0.0
[0.03083679] 0.0
[1.4185234e-16] 0.0
[2.122525e-05] 0.0
[1.1472893e-14] 0.0
[1.0483091e-11] 0.0
[5.309244e-10] 0.0
[2.8865312e-21] 0.0
[1.0942312e-18] 0.0
[6.487161e-27] 0.0
[1.9993695e-17] 0.0
[2.7396515e-13] 0.0
[3.9145084e-07] 0.0
[4.793777e-10] 0.0
[7.101827e-26] 0.0
[8.7672446e-11] 0.0
[0.01247408] 0.0
[0.9270811] 0.0
[8.088654e-10] 0.0
[1.864125e-29] 0.0
[3.9198137e-13] 0.0
[0.00195506] 0.0
[0.01535888] 0.0
[2.828205e-23] 0.0
[1.07637186e-13] 0.0
[4.224756e-12] 0.0
[2.522198e-19] 0.0
[4.694107e-20] 0.0
[2.5958668e-11] 0.0
[2.2008478e-06] 0.0
[0.01124759] 0.0
[2.2836437e-28] 0.0
[3.3251345e-25] 0.0
[6.4126716e-08] 0.0
[0.00012681] 0.0
[9.282409e-07] 0.0
[1.3707062e-16] 0.0
[1.8817012e-21] 0.0
[1.526186e-05] 0.0
[6.121823e-21] 0.0
[6.690239e-07] 1.0
[5.6604673e-35] 0.0
[8.5764543e-07] 0.0
[1.9367665e-12] 0.0
[1.0775188e-08] 0.0
[1.4447303e-17] 1.0
[1.3223289e-06] 0.0
[0.9986218] 0.0
[6.530365e-19] 0.0
[1.0569303e-18] 0.0
[5.25334e-13] 0.0
[7.295182e-13] 0.0
[8.495025e-15] 0.0
[4.8270785e-08] 0.0
[4.7071755e-14] 0.0
[2.321257e-13] 0.0
[0.00092119] 0.0
[3.2550423e-07] 0.0
[2.2307531e-12] 0.0
[1.1323917e-05] 1.0
[3.0766396e-06] 0.0
[4.1087936e-12] 0.0
[0.00025736] 0.0
[3.4661315e-07] 0.0
[2.2280148e-08] 0.0
[1.1956414e-18] 0.0
[9.531797e-18] 1.0
[3.8051318e-09] 0.0
[6.238096e-05] 0.0
[3.010065e-14] 0.0
[2.8577814e-14] 0.0
[9.992418e-07] 0.0
[3.4608205e-05] 0.0
[4.4705312e-11] 0.0
[0.00026647] 0.0
[7.6607765e-12] 0.0
[8.5646334e-09] 0.0
[0.00198165] 0.0
[0.] 0.0
[1.3480504e-13] 0.0
[9.893468e-21] 0.0
[7.165133e-08] 1.0
[1.142514e-17] 0.0
[8.776822e-17] 1.0
[0.04016052] 0.0
[1.2898649e-19] 0.0
[1.6391002e-09] 0.0
[1.2580324e-16] 0.0
[0.00219371] 0.0
[0.93935215] 0.0
[2.2161372e-21] 0.0
[0.18245389] 0.0
[0.00021797] 0.0
[1.6668361e-11] 0.0
[4.601159e-11] 0.0
[1.7065896e-10] 0.0
[0.06440619] 0.0
[0.00929781] 0.0
[4.0306493e-17] 0.0
[3.2881488e-07] 0.0
[0.00026444] 0.0
[3.2402575e-05] 0.0
[7.787152e-22] 0.0
[4.872952e-06] 0.0
[3.621514e-22] 0.0
[0.00791822] 0.0
[3.569627e-11] 0.0
[1.7834316e-14] 0.0
[6.3816317e-23] 0.0
[1.7734684e-11] 0.0
[1.08597005e-05] 0.0
[3.5545415e-16] 0.0
[3.699232e-36] 0.0
[3.245409e-13] 0.0
[1.8500598e-25] 0.0
[1.0885896e-11] 0.0
[2.8806816e-12] 0.0
[6.8195063e-25] 0.0
[1.4715932e-21] 0.0
[6.056339e-15] 0.0
[1.2097835e-22] 0.0
[8.17678e-13] 0.0
[5.6759805e-13] 0.0
[7.6086776e-11] 0.0
[2.0900718e-14] 1.0
[1.0776035e-07] 0.0
[0.] 0.0
[0.08151815] 0.0
[0.01415315] 0.0
[5.233735e-14] 0.0
[7.5037625e-21] 0.0
[9.0244635e-07] 0.0
[4.688775e-12] 0.0
[1.7955953e-19] 0.0
[9.549798e-10] 0.0
[0.01331533] 0.0
[3.27092e-20] 0.0
[1.8728557e-11] 0.0
[2.32395e-32] 0.0
[0.00011115] 0.0
[0.8750375] 0.0
[1.171921e-06] 0.0
[0.00347393] 0.0
[8.658813e-06] 0.0
[1.5816822e-14] 1.0
[0.00271105] 0.0
[5.441454e-05] 1.0
[3.7369904e-20] 0.0
[2.0239203e-22] 0.0
[4.1429707e-12] 0.0
[5.409217e-05] 0.0
[2.878788e-22] 0.0
[9.4005926e-14] 0.0
[2.2894234e-16] 0.0
[1.1816296e-06] 0.0
[4.206236e-17] 0.0
[8.3709175e-15] 0.0
[4.362231e-24] 0.0
[0.00013036] 0.0
[0.01864319] 0.0
[0.11726354] 0.0
[7.228238e-14] 0.0
[3.829692e-31] 0.0
[6.380402e-08] 0.0
[1.629146e-38] 0.0
[3.0957387e-10] 1.0
[1.0183865e-14] 0.0
[5.253849e-10] 0.0
[1.8294216e-08] 0.0
[1.4438692e-27] 0.0
[0.90102226] 0.0
[0.00112041] 0.0
[7.619601e-05] 0.0
[4.5631445e-17] 0.0
[3.2592818e-38] 0.0
[5.218365e-07] 0.0
[0.01475805] 0.0
[1.962111e-11] 0.0
[6.673859e-13] 0.0
[1.7364186e-26] 0.0
[4.4557667e-20] 0.0
[4.5713016e-23] 0.0
[3.547026e-15] 0.0
[9.151923e-12] 0.0
[0.49012253] 0.0
[1.9381416e-08] 0.0
[2.2953065e-14] 0.0
[3.76863e-19] 0.0
[0.70377946] 0.0
[6.165816e-09] 0.0
[8.2801917e-20] 0.0
[3.2430827e-24] 0.0
[1.7560633e-14] 0.0
[0.9875402] 0.0
[0.00039794] 0.0
[7.95551e-21] 0.0
[8.2898293e-13] 0.0
[7.143827e-09] 0.0
[2.0268859e-16] 0.0
[3.696728e-10] 0.0
[0.00945159] 0.0
[1.3170923e-12] 0.0
[2.9734774e-17] 0.0
[0.00011598] 0.0
[1.714127e-08] 0.0
[5.7232305e-06] 0.0
[9.9648775e-11] 0.0
[3.346677e-11] 0.0
[1.990375e-07] 0.0
[6.886917e-13] 0.0
[1.439026e-18] 0.0
[1.1719489e-12] 0.0
[5.0987103e-20] 0.0
[0.9797309] 0.0
[0.93180335] 0.0
[9.494711e-25] 0.0
[1.3240057e-09] 0.0
[0.00048438] 0.0
[8.477534e-06] 0.0
[0.68984085] 0.0
[4.086877e-05] 0.0
[8.486257e-20] 0.0
[2.546735e-12] 0.0
[1.5677439e-24] 0.0
[4.1117672e-22] 0.0
[5.7550334e-18] 0.0
[1.2970172e-07] 0.0
[7.704605e-27] 0.0
[9.833467e-05] 0.0
[0.00702417] 0.0
[2.806576e-19] 0.0
[2.2547563e-22] 0.0
[3.04366e-21] 0.0
[2.4006817e-20] 0.0
[1.8842308e-12] 0.0
[3.4414435e-12] 1.0
[2.6030351e-08] 0.0
[8.669548e-15] 0.0
[2.0450208e-12] 0.0
[5.2051787e-12] 0.0
[0.00931186] 0.0
[2.4682765e-12] 0.0
[9.2168975e-08] 0.0
[1.6741629e-13] 0.0
[1.0456799e-13] 1.0
[0.] 0.0
[0.8780178] 0.0
[3.1515014e-05] 0.0
[0.] 0.0
[1.284662e-08] 0.0
[1.2631942e-05] 0.0
[3.9120655e-18] 0.0
[6.3085336e-12] 0.0
[4.7701193e-13] 0.0
[2.6272117e-08] 0.0
[1.410947e-15] 0.0
[1.9884894e-09] 0.0
[3.7182185e-21] 0.0
[1.9786913e-08] 0.0
[0.7240418] 0.0
[2.8105565e-11] 0.0
[1.6392408e-13] 1.0
[2.2562874e-07] 0.0
[6.670139e-14] 0.0
[5.958894e-31] 0.0
[3.1448924e-28] 0.0
[1.2377148e-18] 0.0
[8.801467e-09] 0.0
[2.6978174e-05] 0.0
[1.340853e-27] 0.0
[2.9053052e-10] 0.0
[1.1110283e-22] 0.0
[1.1264298e-22] 0.0
[4.0241138e-20] 0.0
[6.5644423e-16] 0.0
[1.0514331e-18] 0.0
[0.00051337] 0.0
[1.8821826e-28] 0.0
[8.653557e-15] 0.0
[0.] 0.0
[5.212429e-24] 0.0
[1.6281923e-08] 0.0
[2.915338e-20] 0.0
[1.3961854e-05] 0.0
[4.6330746e-18] 0.0
[3.051644e-08] 0.0
[0.9997832] 0.0
[0.8095633] 0.0
[0.99869555] 1.0
[6.499471e-07] 1.0
[3.2306673e-09] 0.0
[7.802015e-06] 0.0
[5.49906e-05] 0.0
[2.2114384e-09] 0.0
[1.1981236e-13] 0.0
[2.4891724e-09] 0.0
[1.368304e-11] 0.0
[1.6993498e-17] 0.0
[4.1413665e-12] 0.0
[1.268016e-15] 0.0
[5.147264e-16] 0.0
[5.1560887e-12] 0.0
[1.6380176e-33] 0.0
[4.009229e-12] 0.0
[6.438427e-14] 0.0
[1.5938856e-08] 0.0
[9.705773e-05] 0.0
[0.00748009] 0.0
[2.308962e-18] 0.0
[1.8065182e-09] 0.0
[1.4710992e-10] 0.0
[5.269899e-13] 0.0
[1.2632135e-28] 0.0
[1.961404e-22] 0.0
[3.6883276e-20] 0.0
[0.9857655] 1.0
[1.2279617e-13] 0.0
[7.266535e-16] 0.0
[0.00021988] 0.0
[5.9377496e-11] 0.0
[0.01446142] 0.0
[2.0516419e-13] 0.0
[8.2601466e-05] 1.0
[5.14398e-26] 0.0
[1.8091878e-08] 0.0
[1.6986492e-05] 0.0
[1.1913574e-10] 0.0
[0.00300225] 0.0
[4.90354e-24] 0.0
[0.00053357] 0.0
[1.0217875e-14] 0.0
[5.330664e-14] 0.0
[3.6751303e-14] 0.0
[0.7651791] 0.0
[6.460232e-38] 0.0
[3.7997884e-23] 0.0
[6.670868e-13] 0.0
[1.9454453e-06] 0.0
[1.10761475e-05] 0.0
[1.4981261e-11] 0.0
[1.5023476e-21] 0.0
[5.251102e-26] 0.0
[2.0929864e-08] 0.0
[7.330023e-13] 0.0
[6.4936045e-10] 1.0
[2.1327834e-21] 0.0
[5.0595326e-28] 0.0
[7.952597e-21] 0.0
[6.946247e-12] 0.0
[1.6776795e-20] 0.0
[4.947948e-06] 0.0
[3.9234437e-06] 0.0
[0.00031111] 0.0
[2.3731667e-19] 0.0
[5.5092924e-06] 0.0
[1.8434537e-06] 0.0
[1.822888e-22] 0.0
[5.567304e-12] 0.0
[1.1217807e-12] 0.0
[1.1393841e-18] 0.0
[0.4190612] 0.0
[8.3418405e-07] 0.0
[1.593048e-14] 0.0
[7.881928e-09] 0.0
[2.5962662e-31] 0.0
[1.2589201e-24] 0.0
[3.9666475e-09] 0.0
[1.2202455e-20] 0.0
[1.1701421e-08] 0.0
[1.0642316e-13] 0.0
[1.3626723e-06] 0.0
[2.8026485e-12] 0.0
[4.7311974e-11] 0.0
[2.8852433e-21] 0.0
[0.99114615] 0.0
[1.775133e-06] 0.0
[2.1657348e-20] 0.0
[2.9536167e-23] 0.0
[4.2729807e-24] 0.0
[1.8340709e-09] 0.0
[3.8295895e-16] 0.0
[0.72736794] 0.0
[2.7065016e-06] 0.0
[0.00226285] 0.0
[1.9243639e-28] 0.0
[3.0755457e-10] 0.0
[2.1898761e-07] 0.0
[8.723844e-14] 0.0
[6.3844575e-15] 0.0
[1.1978528e-07] 0.0
[4.3074396e-20] 1.0
[4.0882682e-18] 0.0
[2.8929112e-06] 0.0
[9.24789e-12] 0.0
[1.8143686e-11] 0.0
[8.150566e-15] 0.0
[3.4949414e-29] 0.0
[0.04338069] 0.0
[3.9269333e-15] 0.0
[2.2881773e-10] 0.0
[3.1152736e-10] 0.0
[1.38300526e-11] 1.0
[1.0069882e-07] 0.0
[4.0776828e-07] 0.0
[0.00069104] 0.0
[2.2736912e-09] 1.0
[1.3373317e-22] 0.0
[2.5853058e-16] 0.0
[9.817447e-29] 0.0
[1.2730585e-12] 0.0
[1.2025646e-14] 0.0
[4.759972e-30] 0.0
[5.533958e-11] 0.0
[5.430442e-06] 0.0
[3.2874084e-08] 0.0
[2.0742556e-16] 0.0
[2.4727287e-24] 0.0
[2.991432e-31] 0.0
[1.0930321e-06] 0.0
[0.51091397] 1.0
[4.6541685e-12] 0.0
[5.9180726e-16] 0.0
[6.693689e-11] 0.0
[3.6669336e-09] 0.0
[1.5808035e-05] 0.0
[0.7550361] 0.0
[6.696319e-11] 0.0
[4.566818e-25] 0.0
[3.8112674e-10] 0.0
[2.3371483e-09] 0.0
[3.3651302e-15] 0.0
[5.1767054e-15] 0.0
[5.9224712e-06] 0.0
[2.7055395e-13] 0.0
[1.832764e-19] 0.0
[6.836697e-14] 0.0
[4.5319203e-24] 0.0
[0.00030097] 0.0
[3.8667963e-06] 0.0
[6.8636714e-06] 0.0
[3.6495697e-37] 0.0
[1.2438963e-05] 1.0
[5.74041e-10] 0.0
[5.8854983e-15] 0.0
[7.189051e-11] 0.0
[6.8828804e-11] 0.0
[0.] 0.0
[1.4784803e-10] 0.0
[1.3653856e-09] 0.0
[1.570678e-08] 0.0
[0.9994112] 1.0
[3.5617517e-22] 0.0
[0.2789723] 0.0
[0.] 0.0
[4.334565e-05] 0.0
[3.7526738e-06] 1.0
[6.005065e-21] 0.0
[0.02489315] 0.0
[8.363887e-17] 0.0
[0.32564995] 0.0
[1.4967562e-17] 0.0
[3.6841157e-13] 0.0
[1.2092216e-09] 0.0
[5.0949783e-12] 0.0
[2.4430733e-12] 0.0
[1.2362019e-30] 1.0
[0.00147056] 0.0
[5.4781067e-12] 0.0
[3.249494e-11] 0.0
[9.679245e-06] 0.0
[0.01047271] 0.0
[1.4385234e-05] 0.0
[5.00909e-25] 0.0
[1.2671349e-24] 0.0
[4.776716e-26] 0.0
[6.9138446e-21] 0.0
[2.9465878e-05] 0.0
[5.794112e-14] 0.0
[0.00011754] 0.0
[1.0911813e-12] 0.0
[6.7433736e-14] 0.0
[3.571415e-20] 0.0
[1.8406062e-17] 0.0
[9.408564e-09] 0.0
[7.2147805e-22] 0.0
[4.4949162e-11] 0.0
[6.549261e-12] 0.0
[1.7021362e-21] 0.0
[8.788826e-11] 0.0
[9.463938e-25] 0.0
[2.8067925e-05] 0.0
[1.176557e-18] 0.0
[0.9531542] 0.0
[5.380976e-21] 0.0
[6.2990826e-31] 0.0
[8.95901e-18] 0.0
[5.4723942e-12] 0.0
[2.0765002e-12] 0.0
[0.9664079] 0.0
[2.6312045e-22] 0.0
[1.7467396e-22] 0.0
[2.293133e-09] 0.0
[0.01080683] 0.0
[7.728191e-25] 0.0
[3.0218426e-20] 0.0
[0.9090231] 0.0
[2.1967412e-09] 0.0
[6.756846e-31] 0.0
[2.2512058e-23] 0.0
[1.6384455e-11] 0.0
[3.919951e-19] 0.0
[4.416255e-12] 0.0
[1.2164642e-17] 0.0
[1.19037e-20] 0.0
[0.00056851] 0.0
[3.404232e-19] 0.0
[0.] 0.0
[9.2434327e-26] 0.0
[4.538207e-05] 1.0
[3.896135e-23] 0.0
[4.665215e-16] 0.0
[4.4764082e-23] 0.0
[7.604241e-10] 0.0
[7.4135706e-13] 0.0
[0.9994628] 0.0
[6.17937e-38] 0.0
[2.0310771e-12] 0.0
[1.3023257e-24] 0.0
[1.0573231e-15] 0.0
[1.3515025e-21] 0.0
[1.2668706e-06] 0.0
[3.033853e-10] 0.0
[1.07192e-09] 0.0
[2.6981496e-13] 0.0
[1.3713939e-20] 0.0
[4.1540397e-06] 0.0
[6.769461e-24] 0.0
[7.1974133e-09] 0.0
[1.9712515e-05] 0.0
[0.00476632] 0.0
[7.24763e-08] 0.0
[3.0732178e-10] 0.0
[3.7143157e-12] 1.0
[9.57614e-13] 0.0
[2.5821965e-27] 0.0
[3.952409e-14] 0.0
[5.2474672e-37] 0.0
[1.4855733e-07] 0.0
[0.16951266] 0.0
[1.7138936e-17] 0.0
[1.4638574e-26] 0.0
[0.24189386] 1.0
[1.4412131e-13] 0.0
[1.6396913e-05] 0.0
[1.38349305e-05] 0.0
[3.4967702e-06] 0.0
[5.577158e-19] 0.0
[4.2484776e-21] 0.0
[5.3866485e-27] 0.0
[4.7419078e-09] 0.0
[8.242656e-13] 0.0
[2.4946209e-19] 0.0
[5.5190078e-05] 0.0
[7.15611e-33] 0.0
[0.3964238] 0.0
[1.0647671e-29] 0.0
[1.40616185e-08] 0.0
[0.] 0.0
[2.508094e-19] 0.0
[1.6378397e-14] 0.0
[2.5799668e-08] 0.0
[1.1155079e-12] 0.0
[3.9393228e-13] 0.0
[6.910207e-05] 0.0
[4.3894723e-09] 0.0
[6.63262e-12] 0.0
[1.0998327e-14] 0.0
[4.003068e-17] 0.0
[0.00024921] 0.0
[1.930544e-09] 0.0
[0.9999957] 1.0
[4.829911e-17] 1.0
[4.6565356e-06] 0.0
[7.648875e-20] 0.0
[8.963636e-08] 0.0
[6.6001945e-17] 0.0
[2.375766e-12] 0.0
[3.9844832e-16] 0.0
[7.392689e-07] 0.0
[6.341027e-14] 0.0
[0.7259582] 0.0
[4.2807715e-06] 0.0
[0.5963062] 1.0
[1.1984415e-09] 0.0
[4.7854585e-12] 0.0
[0.67370486] 0.0
[0.00267918] 0.0
[8.881053e-11] 0.0
[2.1488425e-14] 0.0
[6.078874e-18] 0.0
[3.102695e-22] 0.0
[0.0001409] 0.0
[9.59287e-16] 1.0
[1.0091264e-18] 0.0
[2.3347124e-23] 0.0
[1.0627262e-21] 0.0
[3.5870506e-19] 0.0
[1.06137826e-19] 0.0
[7.820941e-22] 0.0
[0.0020174] 0.0
[8.294965e-18] 0.0
[3.1993343e-19] 0.0
[6.209782e-12] 0.0
[1.6480819e-09] 0.0
[2.3332706e-15] 0.0
[3.2750115e-11] 0.0
[9.721112e-05] 0.0
[4.7221084e-19] 0.0
[3.0461774e-38] 0.0
[0.00490146] 0.0
[3.494865e-27] 0.0
[3.0863932e-14] 0.0
[1.37793145e-11] 0.0
[2.0505975e-09] 0.0
[0.45667696] 0.0
[0.00352925] 0.0
[1.3660657e-06] 0.0
[5.0568875e-21] 0.0
[0.] 0.0
[2.7017197e-12] 0.0
[0.01037254] 0.0
[8.1109596e-05] 1.0
[8.1409746e-07] 0.0
[9.096952e-22] 0.0
[8.565386e-20] 0.0
[5.0781872e-11] 0.0
[0.00028986] 0.0
[5.65756e-10] 0.0
[7.982571e-12] 0.0
[0.23833601] 0.0
[1.2033327e-07] 0.0
[1.598762e-17] 0.0
[2.0708761e-08] 0.0
[6.555419e-13] 0.0
[3.4423403e-32] 0.0
[1.2225324e-14] 0.0
[1.2806963e-19] 0.0
[2.0006448e-16] 0.0
[8.497764e-05] 0.0
[4.4927326e-10] 0.0
[2.0588605e-15] 0.0
[6.6541e-15] 0.0
[4.232756e-06] 0.0
[1.6364146e-23] 0.0
[2.0391881e-10] 0.0
[4.109689e-11] 0.0
[7.6814486e-20] 0.0
[1.2979618e-12] 0.0
[2.4395445e-15] 0.0
[8.118585e-08] 0.0
[6.76533e-24] 0.0
[3.2355803e-25] 0.0
[5.728715e-05] 0.0
[7.514172e-14] 0.0
[7.537893e-07] 0.0
[8.8753217e-07] 0.0
[4.65558e-08] 0.0
[9.924887e-12] 0.0
[3.8526295e-13] 0.0
[1.2816846e-10] 0.0
[0.8667271] 0.0
[1.3988441e-25] 0.0
[2.254459e-07] 0.0
[0.00266518] 0.0
[2.4165322e-08] 0.0
[8.162716e-26] 0.0
[2.7224542e-22] 0.0
[4.1617205e-14] 0.0
[6.725737e-14] 0.0
[0.06242576] 0.0
[0.00086068] 1.0
[1.0608194e-08] 0.0
[2.316161e-25] 0.0
[4.5571182e-09] 0.0
[1.5924432e-18] 0.0
[0.00807603] 0.0
[2.0869736e-13] 0.0
[1.593633e-12] 0.0
[3.655592e-13] 0.0
[5.5228677e-10] 1.0
[1.8987716e-33] 0.0
[2.1975948e-06] 0.0
[6.887617e-16] 0.0
[1.0616368e-20] 0.0
[2.8159837e-07] 1.0
[1.919872e-10] 0.0
[3.0028683e-14] 0.0
[2.6396486e-15] 0.0
[9.557754e-19] 0.0
[2.5057357e-16] 0.0
[2.1368986e-19] 0.0
[4.1684135e-16] 0.0
[9.291354e-22] 1.0
[2.848425e-19] 0.0
[1.3115335e-10] 0.0
[3.0655012e-18] 0.0
[4.837684e-13] 0.0
[0.00653168] 0.0
[1.31432495e-11] 0.0
[1.7978113e-09] 0.0
[6.693839e-08] 0.0
[0.02348902] 0.0
[1.0581153e-20] 0.0
[2.7361578e-28] 0.0
[2.993368e-19] 0.0
[1.1059857e-18] 0.0
[5.000959e-09] 0.0
[5.1095026e-06] 0.0
[1.6539682e-08] 0.0
[0.03080588] 0.0
[3.1161677e-12] 0.0
[0.00573237] 0.0
[1.41950465e-14] 0.0
[0.3811655] 0.0
[2.5745492e-31] 0.0
[2.7687033e-06] 0.0
[1.8841143e-10] 0.0
[3.3109464e-07] 0.0
[2.3164807e-06] 0.0
[0.07289934] 0.0
[1.9380081e-12] 1.0
[1.4993473e-14] 0.0
[6.692483e-09] 0.0
[4.368394e-08] 0.0
[1.0036488e-13] 0.0
[3.9180556e-10] 0.0
[5.495904e-05] 0.0
[2.1935593e-09] 0.0
[0.9971451] 0.0
[0.00023364] 0.0
[1.1969176e-13] 0.0
[1.5096877e-16] 0.0
[1.6127296e-15] 0.0
[9.909366e-14] 0.0
[1.1713477e-12] 0.0
[2.7045397e-12] 0.0
[0.44760603] 0.0
[7.8604865e-21] 1.0
[3.5135503e-07] 0.0
[0.8247877] 0.0
[8.669567e-26] 0.0
[1.5000611e-23] 0.0
[1.6507972e-16] 0.0
[3.4132007e-36] 0.0
[2.8956018e-10] 0.0
[0.99464935] 1.0
[2.39471e-08] 0.0
[1.6426735e-14] 0.0
[4.902316e-20] 0.0
[7.566105e-29] 0.0
[2.3631236e-32] 0.0
[9.697746e-13] 0.0
[0.5107025] 0.0
[1.5723646e-07] 0.0
[6.714765e-14] 0.0
[1.3412645e-06] 0.0
[2.0411443e-11] 0.0
[1.2899975e-08] 0.0
[6.6912955e-09] 0.0
[4.964656e-16] 0.0
[1.5436786e-18] 0.0
[1.23967355e-14] 0.0
[0.01456401] 0.0
[0.9998332] 0.0
[1.4913833e-07] 0.0
[1.0820042e-06] 0.0
[1.557764e-17] 0.0
[1.3171511e-14] 0.0
[5.326896e-28] 0.0
[2.2319806e-33] 0.0
[2.8015144e-09] 0.0
[3.0357616e-11] 0.0
[0.01540892] 0.0
[0.16408299] 0.0
[1.9576493e-13] 0.0
[1.337166e-18] 0.0
[1.8976772e-34] 0.0
[6.379324e-05] 0.0
[2.4162235e-23] 0.0
[0.05081969] 0.0
[4.0054992e-06] 0.0
[0.00507252] 0.0
[0.00191807] 1.0
[3.5617268e-07] 0.0
[0.01392259] 0.0
[2.7067167e-20] 0.0
[8.672537e-20] 0.0
[0.00445111] 1.0
[2.5190699e-14] 0.0
[4.9081555e-12] 0.0
[1.3525116e-12] 0.0
[4.0494054e-17] 0.0
[3.9908812e-07] 0.0
[1.2311563e-05] 0.0
[1.7522378e-08] 0.0
[1.9047812e-15] 0.0
[0.9536688] 0.0
[3.5870954e-32] 0.0
[5.2283135e-19] 0.0
[1.2124868e-10] 0.0
[3.0252325e-13] 0.0
[7.1418795e-09] 0.0
[2.1947814e-24] 0.0
[1.165821e-18] 0.0
[2.0341347e-17] 0.0
[0.000229] 0.0
[0.0031607] 0.0
[5.2441806e-09] 0.0
[2.141739e-18] 0.0
[6.98763e-15] 0.0
[3.8798864e-27] 0.0
[2.9219908e-16] 0.0
[4.642915e-13] 0.0
[0.00012872] 1.0
[0.00022198] 0.0
[1.2157003e-11] 0.0
[2.505484e-05] 0.0
[6.720316e-13] 0.0
[1.1818435e-16] 0.0
[1.2987487e-13] 0.0
[6.461436e-09] 0.0
[1.1275594e-09] 0.0
[3.351827e-14] 0.0
[6.278254e-05] 0.0
[1.1621338e-10] 0.0
[5.170052e-16] 0.0
[1.8114344e-17] 0.0
[1.4262658e-24] 1.0
[7.859713e-08] 0.0
[4.4998422e-10] 0.0
[1.0742076e-14] 0.0
[9.900309e-12] 0.0
[2.0779021e-20] 0.0
[0.00832451] 0.0
[0.00856669] 0.0
[0.] 0.0
[5.693918e-08] 0.0
[8.057547e-06] 1.0
[0.] 0.0
[1.3105333e-25] 0.0
[5.838272e-11] 0.0
[1.0470115e-16] 0.0
[2.4743892e-24] 0.0
[0.00052066] 0.0
[4.8894236e-11] 0.0
[5.5744233e-12] 0.0
[4.5475016e-11] 0.0
[1.3885828e-18] 0.0
[1.450373e-33] 0.0
[0.0001277] 0.0
[0.00011118] 0.0
[1.11830765e-07] 0.0
[1.0971068e-33] 0.0
[5.2037144e-14] 0.0
[1.1223455e-16] 0.0
[0.9997602] 0.0
[1.5039773e-27] 0.0
[1.1241679e-14] 0.0
[2.3351698e-09] 0.0
[5.952948e-10] 0.0
[2.4997756e-18] 0.0
[1.2107339e-38] 0.0
[1.2635261e-14] 0.0
[5.0898173e-17] 0.0
[1.3578466e-16] 0.0
[1.262169e-08] 0.0
[1.5274938e-10] 0.0
[2.2453118e-05] 0.0
[0.9994468] 0.0
[9.79193e-16] 0.0
[4.271021e-06] 0.0
[2.367554e-07] 0.0
[0.00016479] 1.0
[0.41425076] 0.0
[1.4481382e-20] 0.0
[0.3199223] 0.0
[8.244644e-19] 0.0
[9.141749e-06] 0.0
[0.0116611] 0.0
[2.5372853e-12] 0.0
[0.01822022] 0.0
[9.542374e-05] 0.0
[4.2143884e-09] 0.0
[2.6772297e-16] 0.0
[9.734264e-11] 0.0
[1.3945261e-21] 0.0
[4.4530924e-23] 0.0
[6.5663357e-06] 0.0
[2.9744388e-07] 0.0
[6.956607e-18] 0.0
[0.] 0.0
[1.3909713e-14] 0.0
[8.750717e-05] 0.0
[0.00574284] 0.0
[1.2750963e-10] 0.0
[6.403483e-30] 0.0
[4.3775655e-17] 0.0
[2.849232e-17] 0.0
[1.5059708e-25] 0.0
[1.01765146e-16] 0.0
[1.3292188e-08] 0.0
[4.4631165e-12] 0.0
[7.857962e-15] 0.0
[1.5502613e-37] 0.0
[2.1318346e-11] 0.0
[0.] 0.0
[1.36455365e-05] 0.0
[3.5767199e-12] 0.0
[9.007816e-24] 0.0
[5.2494193e-11] 0.0
[1.1491843e-17] 0.0
[2.3921399e-23] 0.0
[2.081198e-24] 0.0
[2.3031546e-08] 0.0
[0.] 0.0
[0.9973454] 0.0
[2.6576148e-14] 0.0
[2.3233785e-07] 0.0
[2.0121438e-13] 0.0
[9.208487e-18] 0.0
[7.6118317e-06] 0.0
[1.3788326e-12] 0.0
[5.476299e-12] 0.0
[1.7326089e-07] 0.0
[2.2058372e-30] 0.0
[6.0488817e-15] 0.0
[9.059299e-09] 0.0
[0.7860957] 1.0
[3.4593448e-19] 0.0
[1.5334052e-10] 0.0
[3.7297412e-20] 0.0
[4.6972886e-07] 0.0
[3.105666e-07] 0.0
[4.6011645e-16] 0.0
[1.3948289e-14] 0.0
[8.091869e-20] 0.0
[1.06648804e-19] 0.0
[2.8782825e-15] 0.0
[1.5252018e-15] 0.0
[1.3634824e-10] 0.0
[4.4833936e-07] 0.0
[1.20442e-09] 0.0
[4.6910306e-34] 0.0
[1.03754394e-10] 0.0
[1.2269141e-11] 1.0
[3.3655725e-19] 0.0
[7.6001335e-34] 0.0
[1.4209044e-19] 1.0
[1.5658792e-09] 0.0
[1.2527056e-07] 0.0
[9.135997e-24] 0.0
[2.512184e-18] 0.0
[0.15003994] 0.0
[2.2158702e-06] 0.0
[2.9483656e-19] 0.0
[2.7178829e-11] 0.0
[8.417579e-21] 0.0
[0.8674043] 0.0
[4.8628446e-29] 0.0
[1.3489472e-06] 0.0
[9.6711654e-17] 0.0
[0.013861] 0.0
[5.5507787e-14] 0.0
[2.6267024e-14] 0.0
[1.2232483e-18] 0.0
[1.0112042e-09] 0.0
[0.00105117] 0.0
[0.0001341] 0.0
[6.338874e-14] 0.0
[1.3691164e-06] 0.0
[4.247626e-25] 0.0
[9.890409e-14] 0.0
[5.087943e-29] 0.0
[2.5274065e-13] 0.0
[2.2018852e-12] 0.0
[0.00371377] 0.0
[9.90973e-32] 0.0
[0.9997373] 0.0
[1.5826872e-14] 0.0
[3.3855845e-06] 0.0
[1.6839939e-29] 0.0
[0.01306628] 0.0
[2.3796132e-05] 0.0
[4.8891534e-26] 0.0
[0.5024651] 1.0
[4.4344363e-12] 0.0
[6.7663787e-12] 0.0
[1.2138926e-23] 0.0
[7.2056225e-14] 0.0
[0.40850398] 0.0
[2.0718955e-19] 0.0
[0.9871984] 1.0
[1.4457644e-05] 0.0
[0.09645506] 0.0
[1.55704e-16] 0.0
[0.10925314] 0.0
[2.9361205e-19] 0.0
[9.863886e-05] 0.0
[5.016304e-12] 0.0
[3.6600174e-08] 0.0
[2.6746235e-11] 0.0
[0.32357427] 0.0
[1.7181357e-13] 0.0
[2.8138294e-14] 0.0
[1.8298837e-14] 0.0
[1.1006889e-14] 0.0
[1.3073734e-16] 0.0
[0.00012926] 0.0
[2.0930941e-23] 0.0
[1.7868127e-29] 0.0
[9.542769e-10] 0.0
[0.5875106] 0.0
[7.316063e-11] 0.0
[2.547107e-10] 0.0
[1.1192056e-08] 0.0
[1.28370194e-08] 0.0
[1.5578188e-08] 0.0
[2.2456226e-15] 0.0
[9.962127e-10] 0.0
[0.01128174] 0.0
[1.1656652e-26] 0.0
[1.77832e-21] 0.0
[8.2726274e-17] 1.0
[2.3385897e-23] 0.0
[9.7444114e-14] 0.0
[0.95714563] 1.0
[2.6784312e-19] 0.0
[2.9809792e-13] 0.0
[3.640556e-05] 0.0
[1.6742977e-12] 0.0
[6.5482054e-05] 0.0
[8.288549e-09] 0.0
[5.996414e-13] 0.0
[6.7153333e-20] 0.0
[6.040976e-10] 0.0
[0.00168765] 0.0
[1.3984628e-21] 0.0
[0.26301548] 0.0
[0.00015004] 0.0
[1.6267726e-13] 0.0
[5.429295e-14] 0.0
[0.85775656] 0.0
[4.605219e-13] 0.0
[4.783945e-38] 0.0
[1.3224652e-18] 0.0
[4.8516058e-18] 0.0
[5.108091e-05] 0.0
[0.01423634] 0.0
[0.0128849] 0.0
[1.2205485e-12] 0.0
[4.012892e-13] 0.0
[1.638586e-11] 0.0
[1.0156418e-25] 0.0
[0.21780129] 0.0
[3.9897343e-05] 1.0
[1.2080632e-11] 0.0
[2.0489092e-16] 0.0
[2.5743336e-08] 1.0
[0.0001144] 0.0
[3.7615193e-12] 0.0
[3.330411e-20] 0.0
[4.6709278e-07] 0.0
[3.8870413e-20] 0.0
[0.00182609] 0.0
[1.23684036e-20] 0.0
[1.577394e-08] 0.0
[3.2645944e-16] 0.0
[3.5382803e-16] 0.0
[0.9459926] 0.0
[0.0013646] 0.0
[3.672186e-11] 0.0
[7.204403e-13] 0.0
[5.723984e-19] 0.0
[0.06859839] 0.0
[4.325486e-06] 0.0
[5.188601e-25] 0.0
[9.739868e-12] 0.0
[3.874634e-28] 0.0
[8.141244e-15] 1.0
[2.7609713e-31] 0.0
[4.5922814e-13] 0.0
[4.823866e-08] 0.0
[2.3103489e-15] 0.0
[0.05454] 0.0
[2.4072448e-15] 0.0
[0.9998579] 0.0
[7.1926133e-12] 0.0
[2.9978492e-18] 0.0
[1.0593534e-31] 0.0
[4.4946973e-13] 0.0
[0.9788513] 0.0
[0.00024889] 0.0
[9.396256e-10] 0.0
[0.00052077] 0.0
[1.8106587e-19] 0.0
[6.265329e-08] 0.0
[1.4151322e-27] 0.0
[7.4098805e-13] 0.0
[0.6387427] 0.0
[1.145697e-07] 0.0
[9.348927e-12] 0.0
[1.2026538e-18] 0.0
[4.5622266e-15] 0.0
[2.8954812e-17] 0.0
[9.018169e-12] 0.0
[3.1849452e-09] 0.0
[0.0001931] 0.0
[7.637244e-12] 0.0
[6.0365894e-13] 0.0
[0.00086308] 0.0
[0.00044798] 1.0
[8.7058355e-12] 0.0
[2.0951663e-35] 0.0
[1.7465775e-17] 0.0
[1.4008449e-20] 0.0
[1.0609826e-17] 0.0
[3.7141725e-09] 0.0
[0.00114971] 0.0
[6.6838215e-09] 0.0
[0.0012669] 0.0
[1.510061e-10] 0.0
[3.804054e-11] 0.0
[5.7105952e-18] 0.0
[1.3396723e-19] 0.0
[2.3537764e-13] 0.0
[3.62597e-27] 0.0
[1.3813828e-09] 0.0
[4.956187e-09] 0.0
[6.039611e-23] 0.0
[9.275835e-16] 0.0
[2.3449763e-16] 0.0
[3.5019565e-13] 0.0
[0.05764585] 0.0
[1.1571993e-32] 0.0
[6.20625e-09] 1.0
[1.3728488e-09] 0.0
[0.9998549] 0.0
[4.5615456e-16] 0.0
[0.00360413] 0.0
[4.491107e-09] 0.0
[2.7102195e-20] 0.0
[5.3115076e-05] 0.0
[1.0667269e-21] 0.0
[1.5778984e-13] 0.0
[0.33889714] 1.0
[2.2195432e-09] 0.0
[6.286715e-25] 0.0
[1.6094441e-12] 0.0
[2.7202648e-10] 0.0
[9.188472e-21] 0.0
[3.9654103e-11] 0.0
[1.7002508e-10] 0.0
[1.2852299e-09] 0.0
[5.0103637e-09] 0.0
[4.7833105e-06] 0.0
[1.3989889e-07] 1.0
[5.4411786e-09] 0.0
[1.3275667e-12] 0.0
[0.00749978] 0.0
[1.4647494e-05] 0.0
[0.00183229] 0.0
[7.30987e-11] 0.0
[0.00062801] 0.0
[1.3762097e-13] 0.0
[9.137478e-09] 0.0
[4.068513e-09] 0.0
[8.040553e-18] 0.0
[0.9991665] 0.0
[4.341616e-06] 0.0
[9.971827e-07] 0.0
[9.6016484e-14] 0.0
[0.00591189] 0.0
[2.215107e-09] 0.0
[4.8529206e-18] 0.0
[2.725913e-12] 1.0
[4.2498106e-34] 0.0
[0.27521947] 0.0
[1.6631759e-06] 1.0
[4.9501755e-06] 0.0
[7.941431e-16] 0.0
[9.484512e-08] 0.0
[0.87432903] 0.0
[0.3862449] 0.0
[1.7578826e-11] 0.0
[0.02067256] 0.0
[3.1081717e-27] 0.0
[1.6461103e-11] 0.0
[6.5149424e-14] 0.0
[1.2665079e-11] 0.0
[2.6977544e-16] 0.0
[0.] 0.0
[2.666871e-18] 0.0
[6.117216e-16] 0.0
[4.443144e-25] 0.0
[1.311295e-15] 0.0
[0.00190592] 0.0
[1.1308998e-13] 0.0
[0.0002119] 0.0
[0.0001401] 0.0
[2.1734272e-13] 0.0
[3.925944e-23] 0.0
[6.315279e-11] 0.0
[1.4006545e-17] 0.0
[1.051138e-15] 0.0
[1.2593632e-07] 0.0
[1.6953992e-18] 0.0
[2.4328178e-10] 0.0
[8.974318e-14] 0.0
[3.9405432e-08] 0.0
[4.082076e-07] 0.0
[7.082061e-23] 0.0
[6.9061397e-12] 0.0
[7.732448e-11] 1.0
[6.44931e-27] 1.0
[4.825398e-10] 0.0
[1.9714817e-11] 0.0
[1.081625e-05] 0.0
[8.20696e-11] 0.0
[0.59468865] 0.0
[2.2434885e-07] 0.0
[0.0007953] 0.0
[1.8069214e-24] 0.0
[6.2667236e-17] 0.0
[5.1351425e-09] 0.0
[4.686674e-08] 0.0
[0.] 0.0
[0.00013182] 0.0
[6.269182e-11] 0.0
[0.00521149] 0.0
[6.609849e-07] 0.0
[0.99975806] 0.0
[2.5391913e-07] 0.0
[1.1404114e-16] 0.0
[0.01197638] 0.0
[2.6085924e-19] 0.0
[4.486426e-08] 0.0
[0.99999857] 0.0
[6.0501947e-07] 0.0
[1.968165e-14] 0.0
[0.6873177] 1.0
[9.531283e-19] 0.0
[6.49113e-06] 0.0
[3.3012915e-05] 0.0
[3.0860623e-15] 0.0
[2.6384835e-06] 0.0
[3.271661e-17] 0.0
[0.0025107] 0.0
[1.5537515e-18] 0.0
[3.3791738e-17] 0.0
[5.740877e-15] 0.0
[7.291606e-05] 0.0
[7.857284e-06] 0.0
[1.2291581e-11] 0.0
[0.00151735] 0.0
[1.4447502e-06] 0.0
[1.13919435e-23] 0.0
[2.7286528e-06] 0.0
[2.9488697e-13] 0.0
[9.878345e-05] 0.0
[2.6520574e-12] 0.0
[2.2028514e-12] 0.0
[0.99935013] 0.0
[3.3776307e-15] 0.0
[9.1012864e-23] 0.0
[0.99992466] 0.0
[0.9027907] 0.0
[1.0136541e-29] 0.0
[6.487072e-24] 0.0
[6.929833e-17] 0.0
[1.3835091e-15] 0.0
[1.5886704e-24] 0.0
[1.4768841e-15] 0.0
[0.00604298] 0.0
[1.5031e-19] 0.0
[0.] 0.0
[3.082046e-06] 0.0
[6.6065976e-12] 0.0
[2.6608164e-13] 0.0
[4.1364693e-21] 0.0
[4.7037685e-35] 0.0
[9.837531e-31] 0.0
[1.2983565e-18] 0.0
[1.0770872e-12] 0.0
[1.4724741e-06] 0.0
[2.3242922e-06] 0.0
[6.191641e-15] 0.0
[0.00063701] 0.0
[2.0678211e-08] 0.0
[7.947149e-26] 0.0
[4.3927913e-12] 1.0
[3.017399e-33] 0.0
[6.1242612e-18] 0.0
[1.5970502e-16] 1.0
[0.00038822] 0.0
[4.903358e-37] 0.0
[0.00384868] 1.0
[7.046615e-18] 0.0
[4.3991267e-07] 0.0
[0.9753736] 0.0
[1.5138004e-15] 0.0
[7.1809884e-12] 0.0
[2.2174373e-08] 0.0
[4.5490876e-07] 0.0
[7.7218766e-07] 0.0
[5.8728445e-13] 0.0
[5.2300084e-27] 0.0
[3.0604672e-09] 0.0
[3.109501e-19] 0.0
[2.0077015e-12] 0.0
[9.397818e-06] 0.0
[6.4248407e-16] 0.0
[3.7387364e-24] 0.0
[5.8263187e-13] 0.0
[4.329354e-14] 0.0
[0.50400615] 0.0
[3.597037e-13] 0.0
[2.3938846e-06] 0.0
[0.05589537] 0.0
[3.256938e-20] 0.0
[0.52709246] 0.0
[3.6265e-17] 0.0
[0.00691704] 0.0
[6.724164e-09] 0.0
[8.2877455e-07] 0.0
[3.5174264e-13] 0.0
[1.6839135e-14] 0.0
[0.9999995] 0.0
[2.1348045e-34] 0.0
[8.350649e-26] 0.0
[3.5992562e-07] 0.0
[6.6551584e-17] 0.0
[3.4624403e-08] 0.0
[1.2569895e-19] 0.0
[3.9252436e-06] 0.0
[3.6472502e-27] 0.0
[1.7008301e-15] 0.0
[0.02796858] 0.0
[1.4239957e-21] 0.0
[1.2952136e-28] 0.0
[1.3445309e-19] 0.0
[8.146029e-06] 0.0
[5.3937115e-12] 0.0
[1.8528347e-18] 0.0
[2.9382061e-18] 0.0
[1.03318836e-16] 0.0
[1.5475776e-12] 0.0
[1.9869292e-11] 0.0
[0.03921733] 0.0
[1.0329135e-29] 0.0
[3.3828866e-18] 1.0
[1.0623769e-15] 0.0
[2.084943e-22] 0.0
[0.57178396] 0.0
[5.567962e-31] 0.0
[2.1468352e-14] 0.0
[6.0853177e-20] 0.0
[1.1539185e-19] 1.0
[0.03989062] 0.0
[2.8561753e-09] 0.0
[2.3995074e-22] 0.0
[0.] 0.0
[0.00132084] 0.0
[2.833394e-07] 0.0
[5.426006e-24] 0.0
[4.8038394e-16] 0.0
[2.9686244e-26] 0.0
[0.] 0.0
[7.9975204e-16] 0.0
[0.00195009] 0.0
[6.191119e-16] 0.0
[7.7200426e-29] 0.0
[0.01443844] 0.0
[1.0039834e-10] 0.0
[5.626554e-11] 0.0
[5.055096e-09] 0.0
[6.657548e-09] 0.0
[1.0396532e-11] 0.0
[3.0708886e-12] 0.0
[7.05694e-12] 0.0
[0.05378285] 0.0
[4.010972e-24] 0.0
[4.8359455e-11] 0.0
[2.7670627e-05] 0.0
[0.9927752] 0.0
[8.7795115e-07] 0.0
[4.5087136e-15] 0.0
[1.7693945e-10] 0.0
[3.7362283e-12] 0.0
[1.0228633e-15] 0.0
[1.7850862e-32] 0.0
[3.4347887e-15] 0.0
[1.7697823e-18] 0.0
[3.921778e-18] 0.0
[5.2997495e-38] 0.0
[3.1360296e-19] 0.0
[2.6365264e-17] 0.0
[2.6334345e-29] 0.0
[1.5572519e-07] 0.0
[0.00010268] 0.0
[1.0309061e-36] 0.0
[0.02296757] 0.0
[8.688075e-18] 0.0
[1.5056911e-23] 0.0
[1.1471266e-08] 0.0
[2.8862265e-11] 0.0
[3.8234524e-12] 0.0
[5.5277514e-31] 0.0
[2.6634105e-21] 0.0
[4.1303346e-14] 0.0
[1.3088617e-06] 0.0
[2.3086662e-15] 0.0
[7.7807105e-14] 0.0
[1.8040868e-28] 0.0
[3.6170229e-13] 0.0
[5.1606363e-15] 0.0
[3.7224257e-10] 0.0
[6.229524e-05] 0.0
[0.00971351] 0.0
[0.08839173] 0.0
[1.2014727e-11] 0.0
[0.99921834] 0.0
[0.00019787] 0.0
[2.0018895e-08] 0.0
[3.4013756e-05] 0.0
[0.7703869] 0.0
[4.749403e-09] 0.0
[4.3824105e-07] 0.0
[1.3218546e-11] 0.0
[1.7342613e-10] 0.0
[0.40624702] 0.0
[1.223747e-08] 0.0
[5.9744e-14] 1.0
[3.6709778e-28] 0.0
[0.02283688] 1.0
[2.07265e-16] 0.0
[1.3911633e-09] 0.0
[3.701854e-12] 0.0
[4.0940322e-23] 0.0
[3.5177294e-16] 0.0
[4.3936215e-08] 0.0
[1.701954e-14] 0.0
[5.556226e-06] 0.0
[5.445212e-05] 0.0
[2.9040256e-10] 0.0
[4.8384895e-06] 0.0
[0.10734352] 0.0
[8.733227e-08] 0.0
[2.3332937e-18] 0.0
[8.864873e-11] 0.0
[3.236586e-14] 0.0
[4.733506e-27] 0.0
[2.932262e-07] 0.0
[7.381946e-14] 0.0
[3.6640478e-23] 0.0
[4.8427824e-12] 1.0
[1.1309591e-11] 0.0
[1.05783496e-16] 0.0
[8.573901e-09] 0.0
[5.3424404e-14] 0.0
[5.9186445e-21] 0.0
[3.9918693e-20] 0.0
[0.00451804] 0.0
[2.8181678e-30] 0.0
[1.7269735e-17] 0.0
[2.347731e-18] 0.0
[1.0336099e-09] 0.0
[3.1547266e-17] 0.0
[8.689085e-11] 0.0
[4.8141595e-12] 0.0
[2.4523522e-10] 0.0
[0.00056055] 0.0
[1.5183908e-17] 0.0
[1.8115843e-08] 0.0
[9.731583e-09] 1.0
[7.707101e-09] 0.0
[1.112299e-32] 0.0
[5.5504138e-27] 0.0
[1.1875613e-07] 0.0
[0.9987355] 0.0
[1.0680308e-12] 0.0
[8.4164085e-06] 0.0
[4.9399057e-17] 1.0
[0.18137617] 0.0
[3.8040884e-27] 0.0
[4.0840482e-16] 0.0
[0.00546131] 0.0
[3.7330284e-13] 0.0
[2.4252156e-17] 0.0
[4.7838833e-18] 0.0
[2.0614388e-22] 0.0
[3.0356262e-20] 0.0
[9.207644e-33] 0.0
[9.690152e-12] 0.0
[8.828743e-23] 0.0
[0.99695814] 0.0
[0.01612893] 0.0
[3.439174e-19] 0.0
[1.714485e-21] 0.0
[8.632273e-34] 0.0
[8.355765e-11] 0.0
[1.2639981e-07] 0.0
[7.026399e-05] 0.0
[3.874725e-08] 1.0
[2.4436679e-32] 0.0
[1.6620027e-28] 0.0
[0.6614475] 0.0
[3.1464976e-11] 0.0
[6.668494e-19] 0.0
[0.00057881] 0.0
[7.0084806e-22] 0.0
[3.960276e-12] 0.0
[3.6321378e-08] 0.0
[3.5593946e-26] 0.0
[9.991051e-10] 0.0
[5.492456e-10] 0.0
[9.937362e-25] 0.0
[6.9922125e-06] 0.0
[7.827086e-23] 0.0
[3.608276e-22] 0.0
[3.8835277e-09] 0.0
[6.30256e-11] 0.0
[1.5291427e-08] 0.0
[8.403306e-20] 0.0
[3.568805e-10] 0.0
[9.535064e-27] 0.0
[4.6325083e-26] 0.0
[1.1005524e-33] 0.0
[6.260557e-25] 0.0
[6.715088e-13] 0.0
[2.3366538e-06] 0.0
[2.4751189e-22] 1.0
[9.159449e-16] 0.0
[3.2853185e-07] 0.0
[2.5570637e-27] 0.0
[2.4479227e-17] 0.0
[2.704297e-16] 0.0
[0.00021367] 0.0
[1.0978235e-24] 0.0
[0.00054526] 0.0
[0.00038832] 0.0
[0.22786565] 0.0
[8.024016e-31] 0.0
[8.411149e-16] 0.0
[7.0492877e-15] 0.0
[2.6565857e-14] 0.0
[9.140651e-09] 0.0
[1.3624128e-23] 0.0
[3.4126155e-13] 0.0
[2.5196888e-26] 0.0
[0.00029457] 0.0
[7.042939e-09] 0.0
[2.3607797e-06] 0.0
[2.407006e-15] 0.0
[3.3616178e-07] 0.0
[5.150463e-17] 0.0
[8.132862e-15] 0.0
[4.3022833e-20] 0.0
[0.9830951] 0.0
[1.5840569e-27] 1.0
[1.7863874e-17] 0.0
[1.354131e-11] 0.0
[1.9862462e-12] 0.0
[2.0796045e-30] 0.0
[0.3756504] 0.0
[1.7499413e-14] 0.0
[1.1585495e-06] 0.0
[2.9295564e-17] 0.0
[6.6248e-10] 0.0
[2.2898408e-10] 0.0
[1.2113071e-11] 0.0
[5.7141256e-18] 0.0
[1.8727045e-31] 0.0
[0.00068995] 0.0
[1.8312672e-13] 1.0
[4.4406715e-17] 0.0
[6.9719683e-09] 0.0
[1.0940843e-06] 0.0
[0.0008063] 0.0
[4.1106956e-17] 0.0
[1.1656649e-19] 0.0
[7.9037605e-08] 0.0
[0.01163608] 0.0
[1.2356688e-12] 0.0
[0.0001464] 0.0
[5.2716685e-13] 0.0
[3.898216e-12] 0.0
[4.937612e-15] 0.0
[3.0957048e-24] 0.0
[3.3635232e-09] 0.0
[3.8996555e-25] 0.0
[9.4435615e-14] 0.0
[0.98931086] 0.0
[1.2709289e-07] 0.0
[6.9313194e-23] 0.0
[6.3873027e-09] 0.0
[1.7306709e-12] 0.0
[0.00032054] 0.0
[1.4943215e-15] 0.0
[4.431443e-27] 0.0
[0.7151112] 0.0
[1.082331e-22] 0.0
[3.6953475e-13] 0.0
[2.6072902e-18] 0.0
[4.406013e-17] 0.0
[2.0268507e-20] 0.0
[2.4653787e-08] 0.0
[9.571148e-18] 0.0
[8.4092557e-07] 0.0
[3.2467743e-15] 0.0
[7.177664e-15] 0.0
[9.389036e-10] 0.0
[5.9371513e-18] 0.0
[0.] 0.0
[4.779055e-16] 0.0
[5.8505484e-25] 0.0
[0.2291477] 0.0
[1.547546e-11] 0.0
[0.04508581] 0.0
[4.955674e-06] 0.0
[4.242916e-09] 0.0
[7.3535855e-05] 0.0
[3.9173692e-17] 0.0
[8.537151e-17] 0.0
[3.4177443e-23] 0.0
[1.1615619e-14] 0.0
[9.612602e-11] 0.0
[0.00072282] 0.0
[1.5835531e-15] 0.0
[7.3507616e-16] 0.0
[3.3830304e-17] 0.0
[1.2879526e-11] 0.0
[1.4867132e-16] 0.0
[3.8152203e-12] 0.0
[1.218411e-12] 0.0
[5.347894e-18] 0.0
[1.5260169e-37] 0.0
[0.99811363] 0.0
[1.612316e-13] 0.0
[4.0040564e-19] 0.0
[1.639092e-19] 0.0
[9.0647917e-10] 0.0
[6.9937594e-16] 0.0
[4.1870432e-16] 0.0
[2.9032342e-05] 0.0
[3.8717626e-05] 0.0
[0.99991596] 0.0
[9.658733e-26] 0.0
[1.2756233e-15] 0.0
[0.99611735] 0.0
[5.3421453e-14] 0.0
[0.99863523] 0.0
[7.358644e-24] 0.0
[2.9973875e-05] 0.0
[3.996312e-08] 0.0
[2.021263e-14] 0.0
[1.0035579e-11] 0.0
[1.9727647e-11] 0.0
[1.7628766e-17] 0.0
[6.187e-08] 0.0
[0.00853886] 0.0
[7.3772834e-15] 0.0
[5.2073744e-19] 0.0
[7.7741216e-11] 0.0
[1.2306921e-15] 0.0
[0.38738555] 0.0
[8.223475e-06] 0.0
[1.582523e-08] 0.0
[9.214467e-09] 1.0
[2.574764e-13] 0.0
[4.9723403e-09] 0.0
[1.2141648e-17] 0.0
[0.00148606] 0.0
[3.400543e-28] 0.0
[0.00068937] 0.0
[0.9377328] 0.0
[0.72792345] 0.0
[4.0169753e-06] 0.0
[1.7241825e-17] 0.0
[0.00146435] 0.0
[1.5340695e-17] 1.0
[4.973144e-25] 0.0
[1.20971635e-11] 0.0
[4.2034515e-14] 0.0
[4.3373067e-05] 1.0
[5.1822524e-05] 0.0
[9.151257e-09] 0.0
[1.5939484e-13] 0.0
[2.5493959e-14] 0.0
[2.0806837e-15] 0.0
[4.173106e-09] 0.0
[0.91517824] 1.0
[5.8610845e-20] 0.0
[7.436466e-18] 0.0
[8.455981e-27] 0.0
[2.4009443e-15] 0.0
[1.255867e-13] 0.0
[2.2592967e-12] 0.0
[0.26045936] 0.0
[1.3550044e-06] 0.0
[4.9741444e-12] 0.0
[1.52088155e-27] 0.0
[6.7422375e-34] 0.0
[1.6644882e-15] 0.0
[3.1239085e-09] 0.0
[4.0851856e-31] 0.0
[9.494204e-10] 0.0
[1.3500638e-15] 0.0
[1.0083507e-15] 0.0
[2.321773e-11] 0.0
[0.00015384] 0.0
[2.2087225e-10] 0.0
[4.4935695e-15] 0.0
[0.00274578] 0.0
[2.8860658e-08] 0.0
[0.01684364] 0.0
[2.8758083e-11] 0.0
[0.00484358] 0.0
[1.6279272e-17] 0.0
[7.5910583e-13] 0.0
[2.4400162e-10] 0.0
[1.4797481e-31] 0.0
[1.7976133e-08] 0.0
[9.08997e-09] 0.0
[5.9119335e-24] 0.0
[9.994891e-23] 0.0
[1.4766428e-10] 0.0
[2.601158e-20] 0.0
[0.08269939] 0.0
[1.9928216e-24] 0.0
[1.1867041e-13] 0.0
[0.00050046] 0.0
[0.] 0.0
[2.941462e-06] 0.0
[1.5004673e-05] 0.0
[6.8367555e-08] 0.0
[1.2379565e-13] 0.0
[3.049679e-05] 0.0
[6.779493e-30] 0.0
[5.4055454e-07] 0.0
[2.1915665e-11] 0.0
[0.01025133] 0.0
[1.8939907e-17] 0.0
[3.9269515e-21] 0.0
[7.0045796e-14] 0.0
[2.1973492e-05] 0.0
[4.227521e-08] 0.0
[0.00189461] 0.0
[0.] 0.0
[9.949296e-07] 0.0
[0.00064807] 0.0
[2.1631324e-14] 0.0
[2.0840454e-21] 0.0
[4.7041743e-07] 0.0
[1.7347734e-22] 0.0
[1.030338e-25] 0.0
[0.01197864] 0.0
[1.4916566e-22] 0.0
[2.601492e-15] 0.0
[1.4421575e-19] 0.0
[1.8062022e-19] 0.0
[1.5005296e-13] 0.0
[0.03654825] 0.0
[1.3531414e-08] 0.0
[1.514917e-06] 1.0
[7.8574834e-11] 0.0
[1.00279804e-19] 0.0
[3.981751e-11] 0.0
[0.6016622] 0.0
[1.0360568e-10] 0.0
[1.266733e-06] 0.0
[6.1073835e-10] 0.0
[1.0377365e-09] 0.0
[4.477849e-09] 0.0
[7.0107412e-06] 0.0
[8.707291e-32] 0.0
[4.8461735e-16] 0.0
[3.7978835e-19] 0.0
[1.4900085e-07] 0.0
[1.0840173e-10] 0.0
[3.6971745e-20] 0.0
[5.551213e-14] 0.0
[7.4120294e-13] 0.0
[1.4348333e-17] 0.0
[2.4108556e-12] 0.0
[1.8646102e-20] 0.0
[8.83287e-19] 0.0
[5.5231892e-27] 0.0
[8.837249e-06] 0.0
[5.473422e-10] 0.0
[3.4238756e-09] 0.0
[2.5228541e-10] 0.0
[9.931381e-16] 0.0
[9.58525e-11] 0.0
[6.835426e-05] 0.0
[5.2490703e-14] 0.0
[5.7612935e-18] 0.0
[0.00131925] 0.0
[9.51939e-14] 0.0
[1.7677521e-17] 0.0
[6.0563685e-13] 1.0
[1.4416499e-10] 0.0
[1.340778e-32] 0.0
[0.00018089] 0.0
[8.286813e-31] 0.0
[5.3937105e-16] 0.0
[3.2670716e-17] 0.0
[0.00049839] 0.0
[4.9424595e-21] 0.0
[1.387601e-10] 0.0
[3.1825035e-05] 0.0
[7.630538e-14] 0.0
[4.3863925e-13] 0.0
[3.6879e-12] 1.0
[6.340459e-10] 0.0
[2.0885097e-14] 0.0
[1.9755651e-05] 0.0
[3.9656895e-19] 0.0
[1.3169108e-07] 0.0
[2.884277e-12] 0.0
[5.290387e-07] 1.0
[8.0441627e-13] 0.0
[1.6748527e-13] 0.0
[8.4821975e-16] 0.0
[0.03613506] 0.0
[7.252864e-10] 0.0
[1.8365388e-09] 0.0
[4.0661525e-14] 0.0
[7.205815e-14] 0.0
[0.02729168] 0.0
[0.0534148] 0.0
[3.63497e-06] 0.0
[4.067017e-27] 0.0
[3.428433e-07] 0.0
[0.8466497] 0.0
[8.821215e-20] 0.0
[0.98850226] 0.0
[1.511065e-12] 0.0
[8.776779e-19] 0.0
[0.56449556] 0.0
[2.9655869e-06] 0.0
[9.829618e-08] 0.0
[1.2499767e-16] 0.0
[0.23872969] 0.0
[4.1362472e-14] 0.0
[1.7152888e-07] 0.0
[1.9042834e-19] 0.0
[1.8162589e-15] 0.0
[5.895445e-14] 0.0
[4.3855197e-18] 0.0
[4.387042e-18] 0.0
[4.6121562e-20] 0.0
[1.00407536e-10] 0.0
[3.297331e-11] 0.0
[3.0280892e-10] 0.0
[8.711661e-13] 0.0
[4.8333426e-08] 0.0
[8.795241e-09] 0.0
[1.7969835e-22] 0.0
[9.608456e-05] 0.0
[7.2990516e-28] 0.0
[1.4601138e-13] 0.0
[1.648492e-07] 0.0
[0.00179999] 0.0
[2.74011e-25] 0.0
[3.7866544e-28] 0.0
[9.885928e-20] 0.0
[2.3154643e-09] 0.0
[3.148154e-07] 0.0
[2.4759116e-30] 0.0
[0.00221299] 1.0
[9.939512e-27] 0.0
[1.0703121e-13] 0.0
[6.066483e-17] 0.0
[6.506792e-06] 0.0
[1.9543842e-21] 0.0
[6.1062218e-09] 0.0
[4.050692e-11] 0.0
[1.4266737e-32] 0.0
[1.9218861e-26] 0.0
[9.876282e-19] 0.0
[1.9672804e-07] 0.0
[1.8175125e-16] 0.0
[1.5371944e-10] 0.0
[7.9545396e-05] 0.0
[2.6805877e-08] 0.0
[5.440538e-23] 0.0
[0.01918622] 0.0
[5.35152e-28] 0.0
[6.315707e-24] 0.0
[5.6999097e-18] 0.0
[3.3564465e-10] 0.0
[9.616839e-11] 0.0
[0.0286315] 0.0
[5.2033675e-25] 0.0
[1.3951676e-07] 0.0
[0.0011461] 0.0
[3.1100996e-23] 0.0
[1.2763013e-09] 0.0
[6.722216e-16] 0.0
[0.9921651] 0.0
[8.993299e-15] 0.0
[4.866175e-18] 0.0
[0.00050507] 0.0
[5.835398e-23] 0.0
[2.3958393e-07] 0.0
[2.792867e-16] 0.0
[2.2019684e-09] 0.0
[0.01937238] 0.0
[8.724442e-18] 0.0
[6.854879e-12] 0.0
[0.09017385] 0.0
[3.39152e-13] 1.0
[1.3407451e-09] 0.0
[0.00426236] 0.0
[1.5502888e-17] 0.0
[1.7403302e-12] 0.0
[3.5507795e-13] 0.0
[5.5692135e-09] 0.0
[2.683569e-24] 0.0
[0.03381813] 0.0
[0.00014218] 0.0
[1.3186056e-19] 0.0
[9.3384995e-05] 0.0
[9.296342e-13] 0.0
[7.3411465e-13] 0.0
[8.526847e-10] 0.0
[0.] 0.0
[5.4931268e-05] 0.0
[0.9914532] 1.0
[4.48889e-16] 0.0
[0.00154939] 0.0
[4.5980673e-20] 0.0
[6.349745e-09] 0.0
[3.1428217e-18] 0.0
[4.1712114e-13] 1.0
[5.0055577e-17] 0.0
[2.6210303e-08] 0.0
[2.3341448e-36] 0.0
[4.3500424e-20] 0.0
[2.4261112e-26] 0.0
[2.0680497e-12] 0.0
[1.3754277e-07] 0.0
[1.8291251e-19] 0.0
[5.0948437e-08] 1.0
[0.00024827] 0.0
[4.2279266e-06] 0.0
[6.0119115e-12] 0.0
[9.126156e-13] 0.0
[0.13324966] 0.0
[4.673375e-15] 0.0
[0.00728325] 0.0
[0.00412426] 0.0
[9.5094e-12] 0.0
[2.3095487e-21] 1.0
[1.933043e-12] 0.0
[1.2099856e-31] 0.0
[0.03825178] 0.0
[3.5630865e-09] 0.0
[4.1967423e-12] 0.0
[1.21397e-25] 0.0
[2.0542212e-18] 0.0
[0.00014409] 0.0
[7.3996825e-17] 0.0
[1.0287425e-12] 0.0
[4.1681727e-17] 0.0
[1.641269e-27] 0.0
[2.4472533e-22] 0.0
[2.729866e-09] 0.0
[8.744601e-18] 0.0
[0.9996026] 0.0
[9.472648e-07] 0.0
[1.914039e-15] 0.0
[5.2878335e-16] 0.0
[7.897111e-09] 0.0
[1.7987479e-20] 0.0
[6.701102e-06] 0.0
[5.8514936e-05] 0.0
[5.854165e-25] 0.0
[5.8111115e-14] 0.0
[9.04473e-16] 0.0
[1.8467688e-06] 0.0
[2.149225e-28] 0.0
[7.3596104e-13] 0.0
[6.555669e-13] 0.0
[1.4702159e-05] 0.0
[3.0672072e-07] 0.0
[0.00017925] 0.0
[2.5880136e-13] 0.0
[0.99938273] 0.0
[2.0991188e-06] 0.0
[0.04473293] 0.0
[6.209146e-05] 0.0
[0.9547529] 0.0
[4.783474e-10] 1.0
[0.9999989] 0.0
[2.002317e-12] 0.0
[1.3224832e-10] 0.0
[1.8379508e-13] 0.0
[1.1041441e-17] 0.0
[9.659471e-18] 0.0
[1.15263425e-07] 0.0
[8.126883e-21] 0.0
[1.1163764e-23] 0.0
[3.0480693e-25] 0.0
[1.031688e-08] 0.0
[6.853575e-11] 0.0
[2.2876035e-12] 0.0
[4.003571e-10] 0.0
[1.709178e-19] 0.0
[0.00203741] 0.0
[1.5264331e-11] 0.0
[1.4735133e-15] 0.0
[6.1587784e-08] 1.0
[8.2944734e-07] 0.0
[2.0080222e-13] 0.0
[1.0512343e-15] 0.0
[1.3821407e-18] 0.0
[4.1582108e-19] 0.0
[7.039887e-10] 0.0
[1.2506601e-14] 0.0
[0.00113394] 0.0
[1.175029e-08] 0.0
[0.00401094] 0.0
[2.269537e-16] 0.0
[7.9162574e-18] 0.0
[1.8355992e-25] 0.0
[6.959622e-10] 0.0
[8.208612e-20] 0.0
[2.35953e-13] 0.0
[1.6321106e-11] 0.0
[4.21905e-14] 0.0
[1.9069707e-14] 0.0
[1.5033886e-06] 0.0
[0.01079266] 0.0
[1.089222e-09] 0.0
[8.503374e-11] 0.0
[5.323253e-23] 0.0
[4.9829003e-19] 0.0
[4.5756673e-10] 0.0
[6.6618376e-14] 0.0
[1.3475106e-13] 0.0
[1.01351885e-10] 0.0
[5.732958e-14] 0.0
[4.637358e-16] 0.0
[0.46511492] 0.0
[2.4311995e-17] 0.0
[0.00790944] 0.0
[7.2739383e-09] 0.0
[0.00360691] 0.0
[3.9951736e-28] 0.0
[4.1728257e-21] 0.0
[1.8460702e-09] 0.0
[1.2331613e-12] 0.0
[3.1845312e-17] 0.0
[1.0845708e-15] 0.0
[3.5816545e-24] 0.0
[8.9106596e-15] 0.0
[4.1963204e-11] 0.0
[2.3415879e-24] 0.0
[1.8169336e-20] 0.0
[2.670077e-26] 0.0
[7.756241e-12] 0.0
[9.428385e-15] 0.0
[5.719627e-16] 0.0
[1.0641023e-12] 0.0
[1.2820292e-14] 0.0
[8.2583045e-19] 0.0
[7.959727e-14] 0.0
[6.37927e-23] 0.0
[0.00810706] 0.0
[0.99998665] 1.0
[2.5598052e-20] 0.0
[0.03333929] 0.0
[3.240742e-11] 0.0
[1.1202734e-05] 0.0
[2.3236401e-13] 0.0
[2.3926189e-12] 0.0
[6.510083e-11] 0.0
[2.1263842e-19] 0.0
[4.2331335e-17] 1.0
[9.0664216e-05] 0.0
[0.00749826] 0.0
[4.118151e-32] 0.0
[3.5126646e-14] 0.0
[8.871977e-26] 0.0
[1.3571036e-27] 0.0
[0.00076096] 0.0
[4.73178e-09] 0.0
[1.861632e-35] 0.0
[0.51107395] 0.0
[9.996067e-17] 0.0
[9.322198e-16] 0.0
[7.6487704e-17] 0.0
[8.437839e-08] 0.0
[1.2015542e-09] 0.0
[6.793765e-13] 0.0
[6.286027e-15] 0.0
[0.00029911] 0.0
[6.6994614e-15] 0.0
[3.9945377e-11] 0.0
[1.8585716e-07] 0.0
[1.2875506e-17] 0.0
[2.4328712e-12] 0.0
[1.0926145e-15] 0.0
[4.935506e-10] 0.0
[1.1759862e-08] 0.0
[1.2884794e-17] 0.0
[1.0095518e-22] 0.0
[3.235648e-10] 0.0
[7.4300953e-23] 0.0
[6.4429323e-06] 0.0
[9.927363e-24] 0.0
[4.1178357e-25] 0.0
[0.00602926] 0.0
[3.5749356e-18] 0.0
[3.4810087e-15] 0.0
[5.783573e-07] 0.0
[3.6800137e-17] 0.0
[3.4480507e-07] 0.0
[4.7280446e-09] 0.0
[7.6287014e-15] 0.0
[0.04431976] 0.0
[4.8965904e-30] 0.0
[6.403865e-10] 0.0
[1.0015416e-09] 0.0
[0.00014042] 0.0
[0.00126691] 0.0
[1.4255273e-15] 0.0
[2.373805e-23] 0.0
[5.5374555e-10] 0.0
[0.0175389] 0.0
[4.908883e-09] 0.0
[5.7201164e-09] 0.0
[0.59157395] 0.0
[0.02977148] 0.0
[1.1391197e-13] 0.0
[9.2963906e-14] 0.0
[4.6212268e-08] 0.0
[1.5172452e-31] 0.0
[0.9838388] 0.0
[4.593719e-35] 0.0
[4.1901293e-15] 0.0
[4.8918908e-05] 0.0
[5.2853326e-16] 0.0
[9.9628895e-05] 0.0
[0.00809861] 1.0
[5.216815e-13] 0.0
[1.3766985e-20] 0.0
[0.21382444] 0.0
[3.0165546e-21] 0.0
[0.9995932] 1.0
[0.9999999] 1.0
[0.01515722] 0.0
[1.7649174e-11] 0.0
[3.6000806e-15] 0.0
[9.586161e-05] 1.0
[6.4022556e-13] 0.0
[1.6047828e-22] 0.0
[6.5332223e-10] 0.0
[8.9618464e-07] 0.0
[9.365861e-07] 0.0
[1.2232356e-16] 0.0
[2.8633777e-15] 0.0
[3.8594843e-13] 0.0
[9.669035e-15] 0.0
[3.598248e-06] 1.0
[9.120719e-22] 0.0
[7.9097947e-19] 0.0
[9.8927126e-21] 0.0
[6.308474e-08] 0.0
[8.745551e-07] 0.0
[8.262112e-06] 0.0
[6.673436e-14] 0.0
[5.6687367e-15] 0.0
[4.0175104e-24] 0.0
[1.2816837e-19] 0.0
[0.99554044] 0.0
[0.00077418] 0.0
[1.1562541e-11] 0.0
[6.792324e-10] 0.0
[0.00024886] 0.0
[0.] 0.0
[9.318008e-15] 0.0
[5.269158e-27] 0.0
[1.0102047e-07] 0.0
[0.00296197] 0.0
[4.003018e-19] 0.0
[1.7013852e-26] 0.0
[1.1433851e-11] 0.0
[0.00774387] 0.0
[0.3560295] 0.0
[1.1017987e-09] 0.0
[0.] 0.0
[1.9698736e-18] 0.0
[1.4476421e-07] 0.0
[1.6727559e-16] 0.0
[2.4954995e-13] 0.0
[0.00010667] 0.0
[4.572168e-18] 0.0
[1.7176883e-06] 0.0
[5.241859e-17] 0.0
[1.8546511e-34] 0.0
[8.287396e-09] 0.0
[3.71844e-24] 0.0
[0.99484175] 0.0
[5.3052385e-09] 0.0
[0.67082286] 0.0
[0.13565429] 0.0
[0.0001669] 0.0
[2.109923e-21] 0.0
[7.9389063e-26] 0.0
[9.315045e-14] 0.0
[7.2301496e-08] 1.0
[3.6681808e-19] 0.0
[6.953811e-36] 0.0
[2.2137787e-22] 0.0
[4.3058085e-11] 0.0
[6.106309e-11] 0.0
[1.3321857e-12] 0.0
[1.0494604e-09] 0.0
[4.5761324e-09] 0.0
[4.2674317e-05] 0.0
[2.2811485e-10] 0.0
[9.67458e-07] 0.0
[7.973014e-06] 0.0
[1.2899111e-16] 0.0
[1.3710465e-12] 0.0
[1.2798901e-06] 1.0
[2.685637e-13] 0.0
[5.2116524e-17] 0.0
[0.] 0.0
[1.0547118e-13] 0.0
[5.4508103e-08] 0.0
[2.434813e-37] 0.0
[2.515355e-09] 0.0
[2.1848646e-14] 0.0
[5.147622e-05] 0.0
[1.05047325e-10] 0.0
[3.0443878e-16] 0.0
[0.19444817] 0.0
[2.527075e-16] 0.0
[3.7376651e-25] 1.0
[0.48689914] 0.0
[6.022235e-14] 0.0
[0.00041901] 0.0
[3.981507e-15] 0.0
[4.2450007e-18] 0.0
[1.8345237e-07] 0.0
[3.865722e-18] 0.0
[3.852382e-12] 0.0
[3.655019e-10] 0.0
[1.0930123e-12] 1.0
[3.7537627e-13] 0.0
[1.6489832e-14] 0.0
[4.936422e-09] 0.0
[3.2853874e-05] 0.0
[8.099518e-15] 0.0
[2.2449113e-23] 0.0
[3.884707e-16] 0.0
[3.369196e-11] 0.0
[5.1331217e-06] 0.0
[3.066575e-08] 0.0
[7.9328974e-11] 0.0
[3.059377e-12] 0.0
[9.030521e-17] 0.0
[1.6089235e-18] 0.0
[2.8393585e-13] 0.0
[1.6670508e-06] 0.0
[1.948658e-07] 0.0
[2.1862566e-05] 0.0
[0.00328551] 0.0
[5.0515404e-16] 0.0
[6.944407e-19] 0.0
[1.1971716e-12] 0.0
[9.88228e-33] 0.0
[2.8795315e-17] 0.0
[5.7130095e-12] 0.0
[0.00176511] 1.0
[0.0024743] 0.0
[0.18007328] 0.0
[0.00021501] 0.0
[2.4642395e-13] 0.0
[2.7047056e-19] 0.0
[4.77134e-20] 0.0
[8.41046e-08] 0.0
[6.908028e-18] 0.0
[5.341093e-15] 0.0
[3.8489326e-18] 0.0
[6.598739e-08] 0.0
[1.1355994e-12] 0.0
[0.00654926] 0.0
[1.0152124e-09] 0.0
[1.8126422e-19] 0.0
[2.7288687e-15] 0.0
[4.5499444e-09] 0.0
[0.00013619] 0.0
[1.3426858e-19] 0.0
[9.718945e-10] 0.0
[4.4870045e-17] 0.0
[1.9226097e-06] 0.0
[4.6786606e-09] 0.0
[1.4579975e-07] 0.0
[7.600823e-13] 0.0
[1.5589415e-24] 0.0
[4.723826e-13] 0.0
[2.2000488e-21] 0.0
[1.3478551e-07] 0.0
[1.11319345e-08] 0.0
[3.4206512e-06] 0.0
[1.3031246e-07] 0.0
[3.2304773e-16] 0.0
[9.61887e-12] 0.0
[9.506706e-18] 0.0
[5.264527e-12] 0.0
[1.5895804e-16] 1.0
[3.5505317e-07] 0.0
[0.96518177] 0.0
[0.54024816] 0.0
[8.914187e-13] 0.0
[7.6295476e-22] 0.0
[7.2516343e-17] 0.0
[0.00029933] 0.0
[2.1583809e-25] 0.0
[1.0529327e-36] 0.0
[1.4793432e-14] 0.0
[2.0525928e-17] 0.0
[5.1888715e-06] 0.0
[6.661249e-11] 0.0
[2.7658597e-18] 0.0
[5.302904e-07] 0.0
[1.0185779e-12] 0.0
[1.0018912e-09] 0.0
[1.3608088e-14] 0.0
[0.9958067] 0.0
[5.0718983e-21] 0.0
[4.0603245e-25] 0.0
[0.01713355] 0.0
[1.627381e-07] 0.0
[6.312837e-10] 0.0
[6.3884755e-08] 0.0
[1.8588154e-12] 0.0
[5.992187e-08] 0.0
[3.5495554e-16] 0.0
[3.4902488e-08] 0.0
[2.2200883e-14] 0.0
[7.7923085e-18] 0.0
[1.999629e-17] 0.0
[1.6290632e-14] 0.0
[2.260434e-20] 0.0
[3.7098516e-25] 0.0
[3.8724816e-18] 0.0
[8.8855323e-13] 0.0
[9.2040254e-26] 0.0
[3.2285062e-12] 0.0
[6.766815e-20] 0.0
[0.01403063] 0.0
[4.7521328e-07] 0.0
[3.0662313e-11] 0.0
[1.5784396e-10] 0.0
[6.3254564e-14] 0.0
[2.2410154e-14] 0.0
[7.262152e-25] 0.0
[3.2365443e-17] 0.0
[6.022422e-24] 0.0
[4.5383098e-29] 0.0
[4.065688e-07] 0.0
[2.230623e-14] 0.0
[3.9442716e-31] 0.0
[1.0318403e-18] 0.0
[0.00278755] 0.0
[4.8379643e-19] 0.0
[5.944962e-13] 0.0
[2.3957403e-10] 0.0
[1.3876876e-11] 0.0
[2.0352689e-16] 0.0
[4.985692e-13] 0.0
[0.00613787] 0.0
[4.572567e-19] 0.0
[1.0708499e-08] 0.0
[0.00139107] 0.0
[0.03359871] 0.0
[3.5411954e-13] 0.0
[0.99460876] 0.0
[2.3479163e-20] 0.0
[0.00262047] 0.0
[6.344372e-07] 0.0
[3.903274e-24] 0.0
[0.9950836] 0.0
[3.637009e-13] 0.0
[4.8542952e-05] 0.0
[0.18374215] 1.0
[3.6755776e-11] 0.0
[0.00154659] 0.0
[2.3836367e-19] 0.0
[9.988791e-31] 0.0
[2.133339e-19] 0.0
[2.7287336e-15] 0.0
[1.02198835e-25] 0.0
[8.693232e-14] 0.0
[6.939792e-05] 0.0
[1.3561381e-09] 0.0
[0.00080408] 1.0
[1.5495883e-28] 0.0
[0.00087953] 0.0
[1.9945537e-11] 0.0
[7.2213277e-07] 1.0
[4.5235137e-22] 0.0
[7.842413e-24] 0.0
[1.5975341e-09] 0.0
[6.8279852e-12] 0.0
[3.6141923e-11] 0.0
[1.5046624e-06] 0.0
[2.2423054e-19] 0.0
[2.6215832e-07] 0.0
[0.9998846] 0.0
[1.2802515e-12] 0.0
[0.] 0.0
[3.1152879e-06] 0.0
[0.00527083] 1.0
[1.2746992e-07] 1.0
[0.9783286] 1.0
[0.00040239] 0.0
[3.5013994e-22] 0.0
[4.603964e-09] 0.0
[2.370502e-23] 0.0
[1.9551231e-13] 1.0
[1.8861761e-12] 0.0
[4.166314e-09] 0.0
[3.5857892e-13] 0.0
[0.42250785] 0.0
[8.485632e-11] 0.0
[0.00045765] 0.0
[5.6304676e-09] 0.0
[5.282471e-12] 0.0
[1.5842946e-13] 0.0
[1.2653634e-07] 0.0
[1.5413213e-30] 0.0
[6.919966e-21] 0.0
[3.571833e-15] 0.0
[5.5503774e-10] 0.0
[9.602998e-19] 0.0
[0.00010829] 0.0
[2.7018533e-16] 0.0
[3.0590008e-10] 0.0
[7.303151e-05] 0.0
[1.2903655e-10] 0.0
[0.] 0.0
[9.826185e-20] 0.0
[1.7965349e-14] 1.0
[4.779858e-08] 0.0
[3.6844315e-13] 0.0
[8.9694085e-10] 0.0
[1.2945246e-09] 0.0
[3.688083e-08] 0.0
[1.3459772e-05] 0.0
[2.2408168e-27] 0.0
[1.12619766e-07] 0.0
[1.157836e-23] 0.0
[2.7331213e-21] 0.0
[9.403053e-17] 0.0
[5.3218867e-14] 0.0
[2.6413404e-23] 0.0
[2.6572891e-11] 0.0
[8.399767e-08] 0.0
[9.3563267e-07] 0.0
[4.439579e-13] 0.0
[8.4842317e-13] 0.0
[0.01480218] 0.0
[5.2664627e-13] 0.0
[1.7663033e-09] 0.0
[7.9808235e-30] 0.0
[4.5406666e-36] 0.0
[1.2986567e-21] 0.0
[3.1407487e-14] 0.0
[0.00219647] 0.0
[1.4183235e-12] 0.0
[1.1951944e-18] 0.0
[2.4779978e-09] 0.0
[4.5945253e-20] 0.0
[1.8315498e-17] 0.0
[1.8997753e-14] 0.0
[1.07370545e-11] 0.0
[2.1232533e-21] 0.0
[1.8308882e-15] 0.0
[6.644701e-34] 0.0
[6.2741486e-07] 0.0
[1.0642947e-09] 0.0
[0.03780719] 0.0
[2.2142112e-07] 0.0
[2.6155228e-06] 0.0
[1.5757271e-09] 0.0
[8.560857e-25] 0.0
[9.0348424e-14] 0.0
[0.] 0.0
[2.1374511e-07] 0.0
[2.9771063e-19] 0.0
[4.5723104e-13] 0.0
[4.4292413e-14] 0.0
[9.036004e-06] 0.0
[1.9944395e-07] 0.0
[1.3713305e-21] 0.0
[2.8930843e-25] 0.0
[9.718055e-06] 0.0
[5.27571e-10] 0.0
[3.602383e-18] 0.0
[8.270617e-15] 0.0
[0.99999774] 1.0
[9.7899916e-15] 0.0
[4.482047e-23] 0.0
[4.8931734e-15] 0.0
[7.3258876e-20] 0.0
[3.1210321e-24] 0.0
[9.084916e-15] 0.0
[1.1774999e-18] 0.0
[6.5495314e-17] 0.0
[1.3712869e-16] 0.0
[1.5031688e-08] 0.0
[1.4727425e-16] 0.0
[1.5802087e-06] 0.0
[0.00013776] 0.0
[3.6332692e-18] 0.0
[1.7285954e-09] 0.0
[5.7110896e-28] 0.0
[2.3955258e-17] 0.0
[0.00085834] 0.0
[2.3041966e-15] 0.0
[1.653345e-14] 0.0
[9.612284e-16] 0.0
[0.9977634] 0.0
[1.2048118e-07] 0.0
[1.09710935e-36] 0.0
[4.6371947e-14] 0.0
[4.387282e-08] 0.0
[3.712014e-27] 0.0
[7.2126536e-09] 0.0
[5.260452e-07] 0.0
[3.0134283e-06] 0.0
[8.905689e-17] 0.0
[8.061804e-26] 0.0
[3.65995e-33] 0.0
[7.280348e-25] 0.0
[2.4120823e-07] 0.0
[8.039044e-08] 0.0
[9.609645e-31] 0.0
[1.3031636e-12] 0.0
[5.5085504e-17] 0.0
[0.15134524] 1.0
[0.05868213] 0.0
[3.447565e-28] 0.0
[1.622351e-13] 1.0
[9.110974e-07] 0.0
[5.900937e-17] 0.0
[0.8403759] 0.0
[4.7044803e-15] 0.0
[2.9238394e-05] 0.0
[1.4256513e-09] 0.0
[4.6272553e-14] 0.0
[0.9918345] 0.0
[3.9363773e-10] 0.0
[7.381053e-08] 0.0
[3.219013e-23] 0.0
[4.343088e-08] 1.0
[3.8813532e-19] 0.0
[0.32286456] 0.0
[1.6657384e-24] 0.0
[3.4789634e-23] 0.0
[1.2912617e-05] 0.0
[4.924904e-06] 0.0
[6.680395e-16] 0.0
[0.14530139] 0.0
[9.725714e-10] 0.0
[1.4405879e-30] 0.0
[4.1106986e-23] 0.0
[6.2612292e-24] 1.0
[8.354974e-28] 0.0
[0.01596896] 0.0
[3.012446e-12] 0.0
[9.679998e-22] 0.0
[1.3415378e-13] 0.0
[0.] 0.0
[1.6389073e-08] 0.0
[2.2434951e-11] 0.0
[1.191802e-19] 0.0
[1.8998704e-13] 0.0
[0.9995913] 0.0
[7.447934e-26] 0.0
[1.6640685e-12] 0.0
[9.866073e-35] 0.0
[1.3016515e-11] 0.0
[2.1602648e-06] 0.0
[3.1810427e-12] 0.0
[2.8413524e-13] 0.0
[5.4695056e-15] 0.0
[8.736117e-06] 0.0
[1.0658099e-32] 0.0
[9.554057e-22] 0.0
[2.1118772e-06] 0.0
[6.251811e-05] 0.0
[4.574172e-19] 0.0
[3.632628e-20] 0.0
[3.5239707e-06] 0.0
[3.7655511e-06] 0.0
[5.039181e-10] 1.0
[1.57706e-23] 0.0
[9.823713e-12] 0.0
[0.00063923] 0.0
[1.4044122e-11] 0.0
[1.0390615e-09] 0.0
[4.3877455e-14] 0.0
[2.943588e-20] 0.0
[1.4676524e-05] 0.0
[2.5679719e-20] 0.0
[2.794864e-05] 1.0
[6.116567e-11] 1.0
[5.8257186e-13] 0.0
[4.4828177e-15] 0.0
[0.33120194] 0.0
[3.49479e-09] 0.0
[1.5129122e-29] 0.0
[1.0961776e-19] 0.0
[5.4085843e-13] 0.0
[3.5792634e-13] 1.0
[1.6924944e-22] 0.0
[2.9697722e-16] 0.0
[1.6677602e-09] 0.0
[1.4353904e-07] 0.0
[1.8113235e-25] 0.0
[0.00185628] 0.0
[0.00420507] 0.0
[2.4996638e-16] 0.0
[2.493197e-24] 0.0
[5.240986e-05] 0.0
[0.9763806] 0.0
[0.05479265] 1.0
[3.7817717e-15] 0.0
[2.7449527e-11] 0.0
[1.6849629e-23] 1.0
[4.483008e-14] 0.0
[1.0656971e-15] 0.0
[9.000936e-26] 0.0
[1.0456934e-10] 0.0
[0.] 0.0
[1.743871e-21] 0.0
[6.5970127e-09] 0.0
[3.3125443e-21] 0.0
[0.9733749] 1.0
[4.980306e-23] 0.0
[6.672645e-05] 0.0
[4.018922e-06] 0.0
[2.6659645e-34] 0.0
[0.00366373] 0.0
[5.6047505e-21] 0.0
[0.9436876] 0.0
[6.2814405e-14] 0.0
[5.415932e-25] 0.0
[4.7669e-09] 0.0
[4.5628212e-10] 0.0
[9.9874145e-17] 0.0
[1.0696932e-14] 0.0
[7.0993576e-07] 0.0
[2.4006744e-26] 0.0
[0.00314786] 0.0
[1.4637262e-22] 0.0
[1.0805444e-15] 0.0
[1.8132117e-09] 0.0
[1.01665204e-13] 0.0
[1.467223e-11] 0.0
[1.1059691e-06] 0.0
[0.65310496] 0.0
[7.0166345e-07] 0.0
[5.4191882e-36] 0.0
[0.0181939] 0.0
[7.327271e-24] 0.0
[2.0146992e-15] 0.0
[3.562065e-14] 0.0
[4.2102923e-12] 0.0
[2.0569138e-07] 0.0
[1.152279e-17] 0.0
[0.00046535] 0.0
[7.909141e-24] 0.0
[1.7459983e-09] 0.0
[3.7919368e-10] 0.0
[3.5666572e-16] 0.0
[1.6746522e-12] 0.0
[7.392017e-15] 0.0
[7.5986275e-26] 0.0
